union{
union{cone{<0,0,0> ,0.6,<-0.105992,0.839576,-0.0401719> ,0.5795}
sphere{<0,0,0> ,0.6}
texture{txtTree matrix <0.992125,0.125251,-0,-0.12511,0.991009,-0.0474177,-0.0059391,0.0470443,0.998875,0,0,0> }}
union{cone{<-0.105992,0.839576,-0.0401719> ,0.5795,<-0.231933,1.80049,-0.168461> ,0.559}
sphere{<-0.105992,0.839576,-0.0401719> ,0.5795}
texture{txtTree matrix <0.99152,0.129953,-0,-0.128829,0.982945,-0.131231,-0.0170539,0.130118,0.991352,-0.105992,0.839576,-0.0401719> }}
union{cone{<-0.231933,1.80049,-0.168461> ,0.559,<-0.0044743,2.9176,-0.196762> ,0.5385}
sphere{<-0.231933,1.80049,-0.168461> ,0.559}
texture{txtTree matrix <0.979894,-0.19952,0,0.199458,0.979592,-0.0248169,0.00495146,0.0243179,0.999692,-0.231933,1.80049,-0.168461> }}
union{cone{<-0.0044743,2.9176,-0.196762> ,0.5385,<-0.183383,3.77997,-0.182912> ,0.518}
sphere{<-0.0044743,2.9176,-0.196762> ,0.5385}
texture{txtTree matrix <0.979151,0.203134,-0,-0.203109,0.97903,0.0157232,0.00319392,-0.0153954,0.999876,-0.0044743,2.9176,-0.196762> }}
union{cone{<-0.183383,3.77997,-0.182912> ,0.518,<-0.0983683,4.56756,0.01788> ,0.4975}
sphere{<-0.183383,3.77997,-0.182912> ,0.518}
texture{txtTree matrix <0.994225,-0.10732,0,0.10403,0.963746,0.245705,-0.026369,-0.244286,0.969345,-0.183383,3.77997,-0.182912> }}
union{cone{<-0.0983683,4.56756,0.01788> ,0.4975,<-0.401066,5.86643,-0.0768107> ,0.477}
sphere{<-0.0983683,4.56756,0.01788> ,0.4975}
texture{txtTree matrix <0.973903,0.226965,-0,-0.226395,0.971458,-0.0708215,-0.016074,0.0689732,0.997489,-0.0983683,4.56756,0.01788> }}
union{cone{<-0.401066,5.86643,-0.0768107> ,0.477,<-0.626347,7.06814,0.166148> ,0.4565}
sphere{<-0.401066,5.86643,-0.0768107> ,0.477}
texture{txtTree matrix <0.982878,0.184257,-0,-0.180723,0.964029,0.194905,0.0359125,-0.191568,0.980822,-0.401066,5.86643,-0.0768107> }}
union{cone{<-0.626347,7.06814,0.166148> ,0.4565,<-0.481977,8.2182,0.429496> ,0.436}
sphere{<-0.626347,7.06814,0.166148> ,0.4565}
texture{txtTree matrix <0.992213,-0.124555,0,0.121459,0.967554,0.221556,-0.0275959,-0.219831,0.975148,-0.626347,7.06814,0.166148> }}
union{cone{<-0.481977,8.2182,0.429496> ,0.436,<-0.190393,9.52798,0.371487> ,0.4155}
sphere{<-0.481977,8.2182,0.429496> ,0.436}
texture{txtTree matrix <0.976105,-0.217301,0,0.217098,0.975194,-0.0431908,0.0093854,0.0421587,0.999067,-0.481977,8.2182,0.429496> }}
union{cone{<-0.190393,9.52798,0.371487> ,0.4155,<0.0347497,10.6795,0.0999433> ,0.395}
sphere{<-0.190393,9.52798,0.371487> ,0.4155}
texture{txtTree matrix <0.981418,-0.191883,0,0.186942,0.956147,-0.225469,0.0432637,0.22128,0.97425,-0.190393,9.52798,0.371487> }}
union{cone{<0.0347497,10.6795,0.0999433> ,0.395,<0.22944,11.6082,-0.1047> ,0.3745}
sphere{<0.0347497,10.6795,0.0999433> ,0.395}
texture{txtTree matrix <0.978726,-0.205172,0,0.200561,0.95673,-0.210814,0.0432531,0.206329,0.977526,0.0347497,10.6795,0.0999433> }}
union{cone{<0.22944,11.6082,-0.1047> ,0.3745,<0.181018,12.8158,-0.365825> ,0.354}
sphere{<0.22944,11.6082,-0.1047> ,0.3745}
texture{txtTree matrix <0.999197,0.0400661,-0,-0.0391624,0.97666,-0.211193,-0.00846167,0.211023,0.977444,0.22944,11.6082,-0.1047> }}
union{cone{<0.181018,12.8158,-0.365825> ,0.354,<0.259925,13.4075,-0.0780369> ,0.340805}
sphere{<0.181018,12.8158,-0.365825> ,0.354}
texture{txtTree matrix <0.991223,-0.132198,0,0.119079,0.892861,0.434304,-0.057414,-0.430492,0.900766,0.181018,12.8158,-0.365825> }}
union{cone{<0.259925,13.4075,-0.0780369> ,0.340805,<0.13138,14.0829,0.0996911> ,0.327611}
sphere{<0.259925,13.4075,-0.0780369> ,0.340805}
texture{txtTree matrix <0.98237,0.186944,-0,-0.180996,0.951113,0.250247,0.0467823,-0.245835,0.968182,0.259925,13.4075,-0.0780369> }}
union{cone{<0.13138,14.0829,0.0996911> ,0.327611,<0.226507,14.7359,0.499533> ,0.314416}
sphere{<0.13138,14.0829,0.0996911> ,0.327611}
texture{txtTree matrix <0.989553,-0.144166,0,0.123296,0.846299,0.518243,-0.0747131,-0.512829,0.855234,0.13138,14.0829,0.0996911> }}
union{cone{<0.226507,14.7359,0.499533> ,0.314416,<0.0184628,15.5692,0.786172> ,0.301222}
sphere{<0.226507,14.7359,0.499533> ,0.314416}
texture{txtTree matrix <0.970217,0.242239,-0,-0.229779,0.920313,0.316585,0.076689,-0.307156,0.948564,0.226507,14.7359,0.499533> }}
union{cone{<0.0184628,15.5692,0.786172> ,0.301222,<-0.124798,16.3231,1.13987> ,0.288027}
sphere{<0.0184628,15.5692,0.786172> ,0.301222}
texture{txtTree matrix <0.982424,0.186665,-0,-0.169528,0.892231,0.418551,0.0781288,-0.411194,0.908193,0.0184628,15.5692,0.786172> }}
union{cone{<-0.124798,16.3231,1.13987> ,0.288027,<-0.317481,17.1013,1.36608> ,0.274833}
sphere{<-0.124798,16.3231,1.13987> ,0.288027}
texture{txtTree matrix <0.970687,0.240347,-0,-0.231315,0.934208,0.271566,0.0652701,-0.263606,0.96242,-0.124798,16.3231,1.13987> }}
union{cone{<-0.317481,17.1013,1.36608> ,0.274833,<-0.145773,17.9526,1.5555> ,0.261638}
sphere{<-0.317481,17.1013,1.36608> ,0.274833}
texture{txtTree matrix <0.980257,-0.197728,0,0.193185,0.957738,0.213115,-0.0421386,-0.208907,0.977027,-0.317481,17.1013,1.36608> }}
union{cone{<-0.145773,17.9526,1.5555> ,0.261638,<-0.172027,18.7586,1.68993> ,0.248444}
sphere{<-0.145773,17.9526,1.5555> ,0.261638}
texture{txtTree matrix <0.99947,0.0325552,-0,-0.0321121,0.985867,0.164425,0.00535289,-0.164338,0.98639,-0.145773,17.9526,1.5555> }}
union{cone{<-0.172027,18.7586,1.68993> ,0.248444,<-0.315846,19.5288,1.79946> ,0.235249}
sphere{<-0.172027,18.7586,1.68993> ,0.248444}
texture{txtTree matrix <0.98301,0.18355,-0,-0.181782,0.973544,0.138446,0.0254117,-0.136094,0.99037,-0.172027,18.7586,1.68993> }}
union{cone{<-0.315846,19.5288,1.79946> ,0.235249,<-0.430176,20.1552,1.94862> ,0.222055}
sphere{<-0.315846,19.5288,1.79946> ,0.235249}
texture{txtTree matrix <0.983745,0.179572,-0,-0.174838,0.957814,0.228089,0.0409583,-0.224382,0.97364,-0.315846,19.5288,1.79946> }}
union{cone{<-0.430176,20.1552,1.94862> ,0.222055,<-0.550919,20.8148,2.29295> ,0.20886}
sphere{<-0.430176,20.1552,1.94862> ,0.222055}
texture{txtTree matrix <0.983657,0.180052,-0,-0.160171,0.875045,0.456773,0.082243,-0.449308,0.889583,-0.430176,20.1552,1.94862> }}
union{cone{<-0.550919,20.8148,2.29295> ,0.20886,<-0.71921,21.0468,2.78754> ,0.200297}
sphere{<-0.550919,20.8148,2.29295> ,0.20886}
texture{txtTree matrix <0.809451,0.587188,-0,-0.294406,0.405844,0.865226,0.50805,-0.700358,0.501382,-0.550919,20.8148,2.29295> }}
union{cone{<-0.71921,21.0468,2.78754> ,0.200297,<-0.660751,21.2416,3.4309> ,0.191733}
sphere{<-0.71921,21.0468,2.78754> ,0.200297}
texture{txtTree matrix <0.957813,-0.287393,0,0.0866382,0.288745,0.953478,-0.274023,-0.913253,0.301463,-0.71921,21.0468,2.78754> }}
union{cone{<-0.660751,21.2416,3.4309> ,0.191733,<-0.767378,21.5033,3.95983> ,0.18317}
sphere{<-0.660751,21.2416,3.4309> ,0.191733}
texture{txtTree matrix <0.926076,0.377337,-0,-0.177806,0.436378,0.88202,0.332819,-0.816818,0.471211,-0.660751,21.2416,3.4309> }}
union{cone{<-0.767378,21.5033,3.95983> ,0.18317,<-0.882787,21.662,4.35325> ,0.174607}
sphere{<-0.767378,21.5033,3.95983> ,0.18317}
texture{txtTree matrix <0.80869,0.588235,-0,-0.262517,0.360901,0.894894,0.526408,-0.723692,0.446279,-0.767378,21.5033,3.95983> }}
union{cone{<-0.882787,21.662,4.35325> ,0.174607,<-0.919644,21.7992,4.8252> ,0.166044}
sphere{<-0.882787,21.662,4.35325> ,0.174607}
texture{txtTree matrix <0.965765,0.259417,-0,-0.0747793,0.278391,0.957552,0.248405,-0.924771,0.288259,-0.882787,21.662,4.35325> }}
union{cone{<-0.919644,21.7992,4.8252> ,0.166044,<-1.02827,21.9793,5.25298> ,0.15748}
sphere{<-0.919644,21.7992,4.8252> ,0.166044}
texture{txtTree matrix <0.856271,0.516528,-0,-0.227888,0.37778,0.897413,0.463538,-0.768428,0.441192,-0.919644,21.7992,4.8252> }}
union{cone{<-1.02827,21.9793,5.25298> ,0.15748,<-0.971561,22.1054,5.80496> ,0.148917}
sphere{<-1.02827,21.9793,5.25298> ,0.15748}
texture{txtTree matrix <0.912003,-0.410184,0,0.0996622,0.221589,0.970034,-0.397892,-0.884674,0.24297,-1.02827,21.9793,5.25298> }}
union{cone{<-0.971561,22.1054,5.80496> ,0.148917,<-1.11973,22.2323,6.33275> ,0.140354}
sphere{<-0.971561,22.1054,5.80496> ,0.148917}
texture{txtTree matrix <0.650767,0.759277,-0,-0.263308,0.225678,0.937944,0.712159,-0.610383,0.346788,-0.971561,22.1054,5.80496> }}
union{cone{<-1.11973,22.2323,6.33275> ,0.140354,<-1.27402,22.5552,6.86022> ,0.131791}
sphere{<-1.11973,22.2323,6.33275> ,0.140354}
texture{txtTree matrix <0.90226,0.431192,-0,-0.242069,0.506524,0.827548,0.356832,-0.746664,0.561395,-1.11973,22.2323,6.33275> }}
union{cone{<-1.27402,22.5552,6.86022> ,0.131791,<-1.24277,22.6524,7.32126> ,0.123227}
sphere{<-1.27402,22.5552,6.86022> ,0.131791}
texture{txtTree matrix <0.952042,-0.305967,0,0.0661686,0.205889,0.976336,-0.298726,-0.929513,0.216261,-1.27402,22.5552,6.86022> }}
union{cone{<-0.218132,19.0055,1.72504> ,0.20886,<-0.0400831,19.4519,1.74141> ,0.200297}
sphere{<-0.218132,19.0055,1.72504> ,0.20886}
texture{txtTree matrix <0.928855,-0.370443,0,0.370228,0.928317,0.0340342,-0.0126077,-0.0316128,0.999421,-0.218132,19.0055,1.72504> }}
union{cone{<-0.0400831,19.4519,1.74141> ,0.200297,<0.0649785,19.906,1.76083> ,0.191733}
sphere{<-0.0400831,19.4519,1.74141> ,0.200297}
texture{txtTree matrix <0.974255,-0.225448,0,0.225253,0.97341,0.0416418,-0.00938808,-0.0405698,0.999133,-0.0400831,19.4519,1.74141> }}
union{cone{<0.0649785,19.906,1.76083> ,0.191733,<0.198615,20.492,1.61227> ,0.18317}
sphere{<0.0649785,19.906,1.76083> ,0.191733}
texture{txtTree matrix <0.974969,-0.222341,0,0.215845,0.946484,-0.239957,0.0533523,0.233951,0.970783,0.0649785,19.906,1.76083> }}
union{cone{<0.198615,20.492,1.61227> ,0.18317,<0.374182,20.9005,1.61148> ,0.174607}
sphere{<0.198615,20.492,1.61227> ,0.18317}
texture{txtTree matrix <0.918739,-0.394865,0,0.394864,0.918738,-0.00177264,0.000699954,0.0016286,0.999998,0.198615,20.492,1.61227> }}
union{cone{<0.374182,20.9005,1.61148> ,0.174607,<0.464023,21.6225,1.65865> ,0.166044}
sphere{<0.374182,20.9005,1.61148> ,0.174607}
texture{txtTree matrix <0.992347,-0.123476,0,0.123218,0.990269,0.0646899,-0.00798768,-0.0641949,0.997905,0.374182,20.9005,1.61148> }}
union{cone{<0.464023,21.6225,1.65865> ,0.166044,<0.64123,22.0097,1.51774> ,0.15748}
sphere{<0.464023,21.6225,1.65865> ,0.166044}
texture{txtTree matrix <0.909299,-0.416143,0,0.395076,0.863267,-0.314143,0.130728,0.28565,0.949376,0.464023,21.6225,1.65865> }}
union{cone{<0.64123,22.0097,1.51774> ,0.15748,<0.807083,22.4686,1.38908> ,0.148917}
sphere{<0.64123,22.0097,1.51774> ,0.15748}
texture{txtTree matrix <0.940456,-0.339917,0,0.328681,0.909368,-0.254987,0.0866742,0.239804,0.966945,0.64123,22.0097,1.51774> }}
union{cone{<0.807083,22.4686,1.38908> ,0.148917,<0.893419,23.0763,1.34963> ,0.140354}
sphere{<0.807083,22.4686,1.38908> ,0.148917}
texture{txtTree matrix <0.990059,-0.140652,0,0.140363,0.988021,-0.0641288,0.00901986,0.0634913,0.997942,0.807083,22.4686,1.38908> }}
union{cone{<0.893419,23.0763,1.34963> ,0.140354,<0.927358,23.7785,1.41363> ,0.131791}
sphere{<0.893419,23.0763,1.34963> ,0.140354}
texture{txtTree matrix <0.998834,-0.0482739,0,0.0480751,0.994722,0.0906526,-0.00437615,-0.0905469,0.995883,0.893419,23.0763,1.34963> }}
union{cone{<0.927358,23.7785,1.41363> ,0.131791,<1.07813,24.3248,1.49853> ,0.123227}
sphere{<0.927358,23.7785,1.41363> ,0.131791}
texture{txtTree matrix <0.963953,-0.266072,0,0.263135,0.953313,0.148171,-0.0394241,-0.14283,0.988962,0.927358,23.7785,1.41363> }}
union{cone{<-0.316205,19.5308,1.79993> ,0.20886,<-0.747382,20.0873,1.81522> ,0.200297}
sphere{<-0.316205,19.5308,1.79993> ,0.20886}
texture{txtTree matrix <0.790486,0.61248,-0,-0.612335,0.7903,0.021704,0.0132932,-0.0171567,0.999764,-0.316205,19.5308,1.79993> }}
union{cone{<-0.747382,20.0873,1.81522> ,0.200297,<-1.04867,20.5993,1.73844> ,0.191733}
sphere{<-0.747382,20.0873,1.81522> ,0.200297}
texture{txtTree matrix <0.861844,0.507174,-0,-0.502991,0.854735,-0.128174,-0.0650067,0.110466,0.991752,-0.747382,20.0873,1.81522> }}
union{cone{<-1.04867,20.5993,1.73844> ,0.191733,<-1.47322,20.9021,1.64079> ,0.18317}
sphere{<-1.04867,20.5993,1.73844> ,0.191733}
texture{txtTree matrix <0.580715,0.814107,-0,-0.8002,0.570795,-0.184047,-0.149834,0.106879,0.982917,-1.04867,20.5993,1.73844> }}
union{cone{<-1.47322,20.9021,1.64079> ,0.18317,<-1.8599,21.1996,1.62287> ,0.174607}
sphere{<-1.47322,20.9021,1.64079> ,0.18317}
texture{txtTree matrix <0.609819,0.792541,-0,-0.792007,0.609407,-0.0367204,-0.0291025,0.0223928,0.999326,-1.47322,20.9021,1.64079> }}
union{cone{<-1.8599,21.1996,1.62287> ,0.174607,<-2.38706,21.674,1.55523> ,0.166044}
sphere{<-1.8599,21.1996,1.62287> ,0.174607}
texture{txtTree matrix <0.668899,0.743353,-0,-0.739995,0.665877,-0.0949464,-0.0705787,0.0635096,0.995482,-1.8599,21.1996,1.62287> }}
union{cone{<-2.38706,21.674,1.55523> ,0.166044,<-2.80073,22.1299,1.64252> ,0.15748}
sphere{<-2.38706,21.674,1.55523> ,0.166044}
texture{txtTree matrix <0.740581,0.671967,-0,-0.665312,0.733246,0.140392,0.0943385,-0.103971,0.990096,-2.38706,21.674,1.55523> }}
union{cone{<-2.80073,22.1299,1.64252> ,0.15748,<-3.12596,22.4578,1.44176> ,0.148917}
sphere{<-2.80073,22.1299,1.64252> ,0.15748}
texture{txtTree matrix <0.710027,0.704174,-0,-0.645803,0.651171,-0.398642,-0.280713,0.283047,0.917107,-2.80073,22.1299,1.64252> }}
union{cone{<-3.12596,22.4578,1.44176> ,0.148917,<-3.69953,22.8886,1.48374> ,0.140354}
sphere{<-3.12596,22.4578,1.44176> ,0.148917}
texture{txtTree matrix <0.600535,0.799598,-0,-0.798233,0.59951,0.0584185,0.0467113,-0.0350823,0.998292,-3.12596,22.4578,1.44176> }}
union{cone{<-3.69953,22.8886,1.48374> ,0.140354,<-4.18557,23.3165,1.25537> ,0.131791}
sphere{<-3.69953,22.8886,1.48374> ,0.140354}
texture{txtTree matrix <0.660754,0.750603,-0,-0.707871,0.623137,-0.332594,-0.249646,0.219763,0.94307,-3.69953,22.8886,1.48374> }}
union{cone{<-4.18557,23.3165,1.25537> ,0.131791,<-4.69942,23.7311,0.962625> ,0.123227}
sphere{<-4.18557,23.3165,1.25537> ,0.131791}
texture{txtTree matrix <0.627977,0.778232,-0,-0.711442,0.574082,-0.405315,-0.315429,0.254528,0.914177,-4.18557,23.3165,1.25537> }}
union{cone{<0.120634,11.0892,0.00966843> ,0.354,<0.663718,11.7188,-0.218718> ,0.340805}
sphere{<0.120634,11.0892,0.00966843> ,0.354}
texture{txtTree matrix <0.757195,-0.653189,0,0.629859,0.730149,-0.264878,0.173016,0.200564,0.964282,0.120634,11.0892,0.00966843> }}
union{cone{<0.663718,11.7188,-0.218718> ,0.340805,<1.12108,12.347,-0.655029> ,0.327611}
sphere{<0.663718,11.7188,-0.218718> ,0.340805}
texture{txtTree matrix <0.80844,-0.588578,0,0.513212,0.704922,-0.48959,0.288162,0.395804,0.871953,0.663718,11.7188,-0.218718> }}
union{cone{<1.12108,12.347,-0.655029> ,0.327611,<1.71104,12.8455,-1.01592> ,0.314416}
sphere{<1.12108,12.347,-0.655029> ,0.327611}
texture{txtTree matrix <0.645462,-0.763792,0,0.691987,0.584782,-0.423302,0.323314,0.273225,0.905989,1.12108,12.347,-0.655029> }}
union{cone{<1.71104,12.8455,-1.01592> ,0.314416,<2.26038,13.1747,-1.59982> ,0.301222}
sphere{<1.71104,12.8455,-1.01592> ,0.314416}
texture{txtTree matrix <0.514019,-0.857779,0,0.633864,0.379839,-0.67375,0.577928,0.34632,0.73896,1.71104,12.8455,-1.01592> }}
union{cone{<2.26038,13.1747,-1.59982> ,0.301222,<2.69577,13.6963,-2.21231> ,0.288027}
sphere{<2.26038,13.1747,-1.59982> ,0.301222}
texture{txtTree matrix <0.767707,-0.640801,0,0.475963,0.570225,-0.669554,0.429051,0.514022,0.742763,2.26038,13.1747,-1.59982> }}
union{cone{<2.69577,13.6963,-2.21231> ,0.288027,<3.11628,14.1496,-2.41928> ,0.274833}
sphere{<2.69577,13.6963,-2.21231> ,0.288027}
texture{txtTree matrix <0.733122,-0.680098,0,0.644923,0.695205,-0.317435,0.215887,0.232718,0.94828,2.69577,13.6963,-2.21231> }}
union{cone{<3.11628,14.1496,-2.41928> ,0.274833,<3.67201,14.5519,-2.81889> ,0.261638}
sphere{<3.11628,14.1496,-2.41928> ,0.274833}
texture{txtTree matrix <0.586362,-0.810049,0,0.699965,0.506677,-0.503317,0.407712,0.295126,0.864102,3.11628,14.1496,-2.41928> }}
union{cone{<3.67201,14.5519,-2.81889> ,0.261638,<4.11655,15.1703,-3.27371> ,0.248444}
sphere{<3.67201,14.5519,-2.81889> ,0.261638}
texture{txtTree matrix <0.811964,-0.583708,0,0.50114,0.697108,-0.512737,0.299289,0.416324,0.858546,3.67201,14.5519,-2.81889> }}
union{cone{<4.11655,15.1703,-3.27371> ,0.248444,<4.61565,15.7615,-3.6088> ,0.235249}
sphere{<4.11655,15.1703,-3.27371> ,0.248444}
texture{txtTree matrix <0.764111,-0.645084,0,0.591952,0.701175,-0.397426,0.256373,0.303677,0.917634,4.11655,15.1703,-3.27371> }}
union{cone{<4.61565,15.7615,-3.6088> ,0.235249,<5.27704,16.0468,-4.05917> ,0.222055}
sphere{<4.61565,15.7615,-3.6088> ,0.235249}
texture{txtTree matrix <0.396134,-0.918193,0,0.778543,0.335885,-0.530143,0.486773,0.210007,0.847909,4.61565,15.7615,-3.6088> }}
union{cone{<5.27704,16.0468,-4.05917> ,0.222055,<5.73499,16.4702,-4.70561> ,0.20886}
sphere{<5.27704,16.0468,-4.05917> ,0.222055}
texture{txtTree matrix <0.678852,-0.734275,0,0.50982,0.471339,-0.719669,0.528435,0.488549,0.694317,5.27704,16.0468,-4.05917> }}
union{cone{<5.73499,16.4702,-4.70561> ,0.20886,<6.25688,16.9563,-4.81309> ,0.200297}
sphere{<5.73499,16.4702,-4.70561> ,0.20886}
texture{txtTree matrix <0.681547,-0.731775,0,0.723604,0.673937,-0.149017,0.109047,0.101562,0.988835,5.73499,16.4702,-4.70561> }}
union{cone{<6.25688,16.9563,-4.81309> ,0.200297,<6.86031,17.2652,-5.05494> ,0.191733}
sphere{<6.25688,16.9563,-4.81309> ,0.200297}
texture{txtTree matrix <0.455688,-0.89014,0,0.838382,0.429192,-0.336021,0.299105,0.153121,0.941855,6.25688,16.9563,-4.81309> }}
union{cone{<6.86031,17.2652,-5.05494> ,0.191733,<7.17188,17.5247,-5.29132> ,0.18317}
sphere{<6.86031,17.2652,-5.05494> ,0.191733}
texture{txtTree matrix <0.640065,-0.768321,0,0.663782,0.552977,-0.503598,0.386924,0.322335,0.863938,6.86031,17.2652,-5.05494> }}
union{cone{<7.17188,17.5247,-5.29132> ,0.18317,<7.67632,17.7909,-5.57186> ,0.174607}
sphere{<7.17188,17.5247,-5.29132> ,0.18317}
texture{txtTree matrix <0.466705,-0.884413,0,0.793614,0.418791,-0.441352,0.390337,0.205981,0.897334,7.17188,17.5247,-5.29132> }}
union{cone{<7.67632,17.7909,-5.57186> ,0.174607,<8.14592,18.1571,-5.70387> ,0.166044}
sphere{<7.67632,17.7909,-5.57186> ,0.174607}
texture{txtTree matrix <0.614938,-0.788575,0,0.769884,0.600363,-0.21643,0.170671,0.133091,0.976298,7.67632,17.7909,-5.57186> }}
union{cone{<8.14592,18.1571,-5.70387> ,0.166044,<8.4772,18.4515,-5.79309> ,0.15748}
sphere{<8.14592,18.1571,-5.70387> ,0.166044}
texture{txtTree matrix <0.664247,-0.747513,0,0.73281,0.651182,-0.19736,0.147529,0.131096,0.980331,8.14592,18.1571,-5.70387> }}
union{cone{<8.4772,18.4515,-5.79309> ,0.15748,<9.01945,18.8296,-6.08947> ,0.148917}
sphere{<8.4772,18.4515,-5.79309> ,0.15748}
texture{txtTree matrix <0.571951,-0.820288,0,0.748503,0.521899,-0.409101,0.33558,0.233986,0.912489,8.4772,18.4515,-5.79309> }}
union{cone{<9.01945,18.8296,-6.08947> ,0.148917,<9.38649,19.2072,-6.17647> ,0.140354}
sphere{<9.01945,18.8296,-6.08947> ,0.148917}
texture{txtTree matrix <0.717081,-0.69699,0,0.687668,0.70749,-0.163007,0.113615,0.116889,0.986625,9.01945,18.8296,-6.08947> }}
union{cone{<9.38649,19.2072,-6.17647> ,0.140354,<9.75722,19.4057,-6.30555> ,0.131791}
sphere{<9.38649,19.2072,-6.17647> ,0.140354}
texture{txtTree matrix <0.471969,-0.881615,0,0.842805,0.451192,-0.293438,0.258699,0.138494,0.955978,9.38649,19.2072,-6.17647> }}
union{cone{<9.75722,19.4057,-6.30555> ,0.131791,<10.1153,19.7169,-6.38342> ,0.123227}
sphere{<9.75722,19.4057,-6.30555> ,0.131791}
texture{txtTree matrix <0.655981,-0.754778,0,0.74481,0.647318,-0.161982,0.12226,0.106257,0.986794,9.75722,19.4057,-6.30555> }}
union{cone{<3.75799,14.6715,-2.90686> ,0.20886,<4.21013,15.0275,-3.33362> ,0.200297}
sphere{<3.75799,14.6715,-2.90686> ,0.20886}
texture{txtTree matrix <0.618664,-0.785656,0,0.631072,0.496936,-0.595653,0.467978,0.368509,0.803242,3.75799,14.6715,-2.90686> }}
union{cone{<4.21013,15.0275,-3.33362> ,0.200297,<4.71852,15.1048,-3.65845> ,0.191733}
sphere{<4.21013,15.0275,-3.33362> ,0.200297}
texture{txtTree matrix <0.150188,-0.988657,0,0.835854,0.126976,-0.534065,0.528007,0.0802102,0.845444,4.21013,15.0275,-3.33362> }}
union{cone{<4.71852,15.1048,-3.65845> ,0.191733,<5.13722,15.1538,-4.1928> ,0.18317}
sphere{<4.71852,15.1048,-3.65845> ,0.191733}
texture{txtTree matrix <0.116377,-0.993205,0,0.615177,0.072082,-0.785087,0.779753,0.0913659,0.619385,4.71852,15.1048,-3.65845> }}
union{cone{<5.13722,15.1538,-4.1928> ,0.18317,<5.60016,15.3641,-4.49508> ,0.174607}
sphere{<5.13722,15.1538,-4.1928> ,0.18317}
texture{txtTree matrix <0.413533,-0.910489,0,0.782624,0.355458,-0.511028,0.465285,0.211327,0.859564,5.13722,15.1538,-4.1928> }}
union{cone{<5.60016,15.3641,-4.49508> ,0.174607,<6.06813,15.3667,-4.94187> ,0.166044}
sphere{<5.60016,15.3641,-4.49508> ,0.174607}
texture{txtTree matrix <0.00559586,-0.999984,0,0.723279,0.00404743,-0.690544,0.690533,0.00386418,0.723291,5.60016,15.3641,-4.49508> }}
union{cone{<6.06813,15.3667,-4.94187> ,0.166044,<6.40534,15.5023,-5.21718> ,0.15748}
sphere{<6.06813,15.3667,-4.94187> ,0.166044}
texture{txtTree matrix <0.372968,-0.927844,0,0.739596,0.297297,-0.603831,0.560261,0.225209,0.797112,6.06813,15.3667,-4.94187> }}
union{cone{<6.40534,15.5023,-5.21718> ,0.15748,<6.74191,15.6629,-5.46583> ,0.148917}
sphere{<6.40534,15.5023,-5.21718> ,0.15748}
texture{txtTree matrix <0.430756,-0.902469,0,0.750886,0.358404,-0.554722,0.500619,0.23895,0.832036,6.40534,15.5023,-5.21718> }}
union{cone{<6.74191,15.6629,-5.46583> ,0.148917,<7.05397,15.7096,-5.92099> ,0.140354}
sphere{<6.74191,15.6629,-5.46583> ,0.148917}
texture{txtTree matrix <0.147873,-0.989006,0,0.563468,0.0842478,-0.821831,0.812796,0.121526,0.569732,6.74191,15.6629,-5.46583> }}
union{cone{<7.05397,15.7096,-5.92099> ,0.140354,<7.3027,15.7275,-6.32911> ,0.131791}
sphere{<7.05397,15.7096,-5.92099> ,0.140354}
texture{txtTree matrix <0.0718505,-0.997415,0,0.520034,0.0374615,-0.853323,0.851118,0.0613117,0.521382,7.05397,15.7096,-5.92099> }}
union{cone{<7.3027,15.7275,-6.32911> ,0.131791,<7.71679,15.6656,-6.87205> ,0.123227}
sphere{<7.3027,15.7275,-6.32911> ,0.131791}
texture{txtTree matrix <-0.147726,-0.989028,0,0.603967,-0.0902117,-0.791887,0.783199,-0.116983,0.610668,7.3027,15.7275,-6.32911> }}
union{cone{<3.76669,14.6836,-2.91575> ,0.20886,<3.83497,15.0047,-3.24664> ,0.200297}
sphere{<3.76669,14.6836,-2.91575> ,0.20886}
texture{txtTree matrix <0.978126,-0.208015,0,0.146504,0.68889,-0.709906,0.147671,0.694377,0.704296,3.76669,14.6836,-2.91575> }}
union{cone{<3.83497,15.0047,-3.24664> ,0.200297,<3.70081,15.5871,-3.64782> ,0.191733}
sphere{<3.83497,15.0047,-3.24664> ,0.200297}
texture{txtTree matrix <0.974476,0.224492,-0,-0.18639,0.809083,-0.557353,-0.125121,0.543127,0.830275,3.83497,15.0047,-3.24664> }}
union{cone{<3.70081,15.5871,-3.64782> ,0.191733,<3.55102,16.0424,-4.06199> ,0.18317}
sphere{<3.70081,15.5871,-3.64782> ,0.191733}
texture{txtTree matrix <0.949916,0.312505,-0,-0.236456,0.718752,-0.653823,-0.204323,0.621077,0.756647,3.70081,15.5871,-3.64782> }}
union{cone{<3.55102,16.0424,-4.06199> ,0.18317,<3.60201,16.3925,-4.35315> ,0.174607}
sphere{<3.55102,16.0424,-4.06199> ,0.18317}
texture{txtTree matrix <0.989562,-0.144108,0,0.111275,0.764101,-0.635427,0.0915704,0.628794,0.772161,3.55102,16.0424,-4.06199> }}
union{cone{<3.60201,16.3925,-4.35315> ,0.174607,<3.6505,16.9067,-4.69519> ,0.166044}
sphere{<3.60201,16.3925,-4.35315> ,0.174607}
texture{txtTree matrix <0.995585,-0.093868,0,0.0782647,0.830092,-0.552106,0.0518251,0.549668,0.833774,3.60201,16.3925,-4.35315> }}
union{cone{<3.6505,16.9067,-4.69519> ,0.166044,<3.6725,17.3733,-5.1669> ,0.15748}
sphere{<3.6505,16.9067,-4.69519> ,0.166044}
texture{txtTree matrix <0.99889,-0.0470963,0,0.0331375,0.702832,-0.710584,0.0334659,0.709795,0.703613,3.6505,16.9067,-4.69519> }}
union{cone{<3.6725,17.3733,-5.1669> ,0.15748,<3.4926,17.8904,-5.5994> ,0.148917}
sphere{<3.6725,17.3733,-5.1669> ,0.15748}
texture{txtTree matrix <0.944465,0.328612,-0,-0.257854,0.741099,-0.619905,-0.203708,0.585479,0.784676,3.6725,17.3733,-5.1669> }}
union{cone{<3.4926,17.8904,-5.5994> ,0.148917,<3.31963,18.2205,-6.07022> ,0.140354}
sphere{<3.4926,17.8904,-5.5994> ,0.148917}
texture{txtTree matrix <0.885792,0.464082,-0,-0.28805,0.5498,-0.784058,-0.363867,0.694513,0.620688,3.4926,17.8904,-5.5994> }}
union{cone{<3.31963,18.2205,-6.07022> ,0.140354,<3.16981,18.6527,-6.57485> ,0.131791}
sphere{<3.31963,18.2205,-6.07022> ,0.140354}
texture{txtTree matrix <0.944841,0.327529,-0,-0.219963,0.63454,-0.740929,-0.242676,0.70006,0.671584,3.31963,18.2205,-6.07022> }}
union{cone{<3.16981,18.6527,-6.57485> ,0.131791,<3.21081,18.9375,-7.17365> ,0.123227}
sphere{<3.16981,18.6527,-6.57485> ,0.131791}
texture{txtTree matrix <0.989799,-0.142473,0,0.0617073,0.428699,-0.901338,0.128416,0.892143,0.433117,3.16981,18.6527,-6.57485> }}
union{cone{<0.18416,12.7375,-0.348885> ,0.354,<-0.00855547,13.1477,-0.74902> ,0.340805}
sphere{<0.18416,12.7375,-0.348885> ,0.354}
texture{txtTree matrix <0.905118,0.42516,-0,-0.318737,0.678554,-0.661794,-0.281369,0.599002,0.749686,0.18416,12.7375,-0.348885> }}
union{cone{<-0.00855547,13.1477,-0.74902> ,0.340805,<-0.306818,13.7541,-1.08212> ,0.327611}
sphere{<-0.00855547,13.1477,-0.74902> ,0.340805}
texture{txtTree matrix <0.897308,0.441406,-0,-0.395913,0.804829,-0.442157,-0.195171,0.396751,0.896937,-0.00855547,13.1477,-0.74902> }}
union{cone{<-0.306818,13.7541,-1.08212> ,0.327611,<-0.488453,14.2914,-1.33479> ,0.314416}
sphere{<-0.306818,13.7541,-1.08212> ,0.327611}
texture{txtTree matrix <0.947337,0.320239,-0,-0.292527,0.865358,-0.406921,-0.130312,0.385491,0.913463,-0.306818,13.7541,-1.08212> }}
union{cone{<-0.488453,14.2914,-1.33479> ,0.314416,<-0.765937,14.6322,-1.73916> ,0.301222}
sphere{<-0.488453,14.2914,-1.33479> ,0.314416}
texture{txtTree matrix <0.775516,0.631329,-0,-0.46461,0.570721,-0.677064,-0.427449,0.525073,0.735925,-0.488453,14.2914,-1.33479> }}
union{cone{<-0.765937,14.6322,-1.73916> ,0.301222,<-1.20977,15.1999,-2.2489> ,0.288027}
sphere{<-0.765937,14.6322,-1.73916> ,0.301222}
texture{txtTree matrix <0.787784,0.615951,-0,-0.502847,0.643127,-0.577523,-0.355726,0.454964,0.816374,-0.765937,14.6322,-1.73916> }}
union{cone{<-1.20977,15.1999,-2.2489> ,0.288027,<-1.83033,15.7699,-2.55294> ,0.274833}
sphere{<-1.20977,15.1999,-2.2489> ,0.288027}
texture{txtTree matrix <0.676507,0.736436,-0,-0.692725,0.636353,-0.339392,-0.24994,0.229601,0.940645,-1.20977,15.1999,-2.2489> }}
union{cone{<-1.83033,15.7699,-2.55294> ,0.274833,<-2.04939,16.3964,-3.07104> ,0.261638}
sphere{<-1.83033,15.7699,-2.55294> ,0.274833}
texture{txtTree matrix <0.943956,0.330072,-0,-0.260179,0.744072,-0.615357,-0.203112,0.580869,0.788249,-1.83033,15.7699,-2.55294> }}
union{cone{<-2.04939,16.3964,-3.07104> ,0.261638,<-2.30659,17.0082,-3.46231> ,0.248444}
sphere{<-2.04939,16.3964,-3.07104> ,0.261638}
texture{txtTree matrix <0.921853,0.38754,-0,-0.333843,0.794122,-0.507857,-0.196815,0.46817,0.861441,-2.04939,16.3964,-3.07104> }}
union{cone{<-2.30659,17.0082,-3.46231> ,0.248444,<-2.47854,17.4941,-3.88534> ,0.235249}
sphere{<-2.30659,17.0082,-3.46231> ,0.248444}
texture{txtTree matrix <0.942701,0.333638,-0,-0.25789,0.728674,-0.63445,-0.211677,0.598097,0.772964,-2.30659,17.0082,-3.46231> }}
union{cone{<-2.47854,17.4941,-3.88534> ,0.235249,<-2.79187,17.829,-4.37294> ,0.222055}
sphere{<-2.47854,17.4941,-3.88534> ,0.235249}
texture{txtTree matrix <0.730258,0.683171,-0,-0.468062,0.500323,-0.728419,-0.497635,0.531934,0.685132,-2.47854,17.4941,-3.88534> }}
union{cone{<-2.79187,17.829,-4.37294> ,0.222055,<-3.25545,18.1727,-4.92573> ,0.20886}
sphere{<-2.79187,17.829,-4.37294> ,0.222055}
texture{txtTree matrix <0.595509,0.803349,-0,-0.580121,0.430034,-0.691759,-0.555724,0.411949,0.722128,-2.79187,17.829,-4.37294> }}
union{cone{<-3.25545,18.1727,-4.92573> ,0.20886,<-3.5939,18.4331,-5.08563> ,0.200297}
sphere{<-3.25545,18.1727,-4.92573> ,0.20886}
texture{txtTree matrix <0.609926,0.792458,-0,-0.742154,0.571208,-0.350613,-0.277846,0.213848,0.936521,-3.25545,18.1727,-4.92573> }}
union{cone{<-3.5939,18.4331,-5.08563> ,0.200297,<-3.98534,18.8427,-5.27321> ,0.191733}
sphere{<-3.5939,18.4331,-5.08563> ,0.200297}
texture{txtTree matrix <0.722915,0.690937,-0,-0.655917,0.686274,-0.314326,-0.21718,0.227231,0.949315,-3.5939,18.4331,-5.08563> }}
union{cone{<-3.98534,18.8427,-5.27321> ,0.191733,<-4.28065,19.1658,-5.44215> ,0.18317}
sphere{<-3.98534,18.8427,-5.27321> ,0.191733}
texture{txtTree matrix <0.738104,0.674687,-0,-0.629432,0.688596,-0.360069,-0.242934,0.265768,0.932926,-3.98534,18.8427,-5.27321> }}
union{cone{<-4.28065,19.1658,-5.44215> ,0.18317,<-4.72091,19.3976,-5.55603> ,0.174607}
sphere{<-4.28065,19.1658,-5.44215> ,0.18317}
texture{txtTree matrix <0.465911,0.884832,-0,-0.862528,0.454167,-0.223109,-0.197414,0.103949,0.974793,-4.28065,19.1658,-5.44215> }}
union{cone{<-4.72091,19.3976,-5.55603> ,0.174607,<-5.33783,19.6368,-5.71426> ,0.166044}
sphere{<-4.72091,19.3976,-5.55603> ,0.174607}
texture{txtTree matrix <0.361583,0.93234,-0,-0.906775,0.351668,-0.232568,-0.216833,0.0840928,0.97258,-4.72091,19.3976,-5.55603> }}
union{cone{<-5.33783,19.6368,-5.71426> ,0.166044,<-5.81924,20.129,-5.83173> ,0.15748}
sphere{<-5.33783,19.6368,-5.71426> ,0.166044}
texture{txtTree matrix <0.714889,0.699238,-0,-0.689276,0.704704,-0.168199,-0.117611,0.120243,0.985753,-5.33783,19.6368,-5.71426> }}
union{cone{<-5.81924,20.129,-5.83173> ,0.15748,<-6.24795,20.4619,-5.85112> ,0.148917}
sphere{<-5.81924,20.129,-5.83173> ,0.15748}
texture{txtTree matrix <0.613227,0.789907,-0,-0.789403,0.612836,-0.0357073,-0.0282054,0.0218967,0.999362,-5.81924,20.129,-5.83173> }}
union{cone{<-6.24795,20.4619,-5.85112> ,0.148917,<-6.85706,20.6346,-6.07021> ,0.140354}
sphere{<-6.24795,20.4619,-5.85112> ,0.148917}
texture{txtTree matrix <0.272851,0.962056,-0,-0.909163,0.25785,-0.327011,-0.314603,0.0892253,0.94502,-6.24795,20.4619,-5.85112> }}
union{cone{<-6.85706,20.6346,-6.07021> ,0.140354,<-7.17064,20.9564,-6.16405> ,0.131791}
sphere{<-6.85706,20.6346,-6.07021> ,0.140354}
texture{txtTree matrix <0.716168,0.697928,-0,-0.683185,0.701039,-0.204458,-0.142697,0.146426,0.978875,-6.85706,20.6346,-6.07021> }}
union{cone{<-7.17064,20.9564,-6.16405> ,0.131791,<-7.67834,21.2185,-6.40614> ,0.123227}
sphere{<-7.17064,20.9564,-6.16405> ,0.131791}
texture{txtTree matrix <0.458693,0.888595,-0,-0.818183,0.422346,-0.390128,-0.346666,0.178949,0.92076,-7.17064,20.9564,-6.16405> }}
union{cone{<-2.6158,17.6408,-4.09894> ,0.20886,<-2.73569,17.9488,-4.70285> ,0.200297}
sphere{<-2.6158,17.6408,-4.09894> ,0.20886}
texture{txtTree matrix <0.931883,0.362759,-0,-0.174153,0.447378,-0.877225,-0.318221,0.817471,0.480079,-2.6158,17.6408,-4.09894> }}
union{cone{<-2.73569,17.9488,-4.70285> ,0.200297,<-2.83316,18.2679,-5.05877> ,0.191733}
sphere{<-2.73569,17.9488,-4.70285> ,0.200297}
texture{txtTree matrix <0.956392,0.292088,-0,-0.199778,0.654141,-0.729512,-0.213081,0.697699,0.683968,-2.73569,17.9488,-4.70285> }}
union{cone{<-2.83316,18.2679,-5.05877> ,0.191733,<-2.75189,18.7058,-5.59549> ,0.18317}
sphere{<-2.83316,18.2679,-5.05877> ,0.191733}
texture{txtTree matrix <0.983204,-0.182507,0,0.116534,0.627792,-0.769608,0.140459,0.756683,0.638516,-2.83316,18.2679,-5.05877> }}
union{cone{<-2.75189,18.7058,-5.59549> ,0.18317,<-2.80809,18.891,-6.09782> ,0.174607}
sphere{<-2.75189,18.7058,-5.59549> ,0.18317}
texture{txtTree matrix <0.956914,0.29037,-0,-0.104398,0.344043,-0.933132,-0.270954,0.892927,0.359534,-2.75189,18.7058,-5.59549> }}
union{cone{<-2.80809,18.891,-6.09782> ,0.174607,<-2.89451,19.2084,-6.54618> ,0.166044}
sphere{<-2.80809,18.891,-6.09782> ,0.174607}
texture{txtTree matrix <0.964887,0.262665,-0,-0.155396,0.570839,-0.806222,-0.211766,0.777914,0.591613,-2.80809,18.891,-6.09782> }}
union{cone{<-2.89451,19.2084,-6.54618> ,0.166044,<-2.74764,19.6494,-7.09337> ,0.15748}
sphere{<-2.89451,19.2084,-6.54618> ,0.166044}
texture{txtTree matrix <0.948757,-0.316006,0,0.204568,0.614182,-0.76219,0.240856,0.723133,0.647354,-2.89451,19.2084,-6.54618> }}
union{cone{<-2.74764,19.6494,-7.09337> ,0.15748,<-2.69117,20.0081,-7.49771> ,0.148917}
sphere{<-2.74764,19.6494,-7.09337> ,0.15748}
texture{txtTree matrix <0.987838,-0.155489,0,0.103902,0.6601,-0.743957,0.115677,0.734909,0.668227,-2.74764,19.6494,-7.09337> }}
union{cone{<-2.69117,20.0081,-7.49771> ,0.148917,<-2.78201,20.3247,-8.10406> ,0.140354}
sphere{<-2.69117,20.0081,-7.49771> ,0.148917}
texture{txtTree matrix <0.961214,0.275804,-0,-0.131644,0.458796,-0.878735,-0.242359,0.844653,0.477309,-2.69117,20.0081,-7.49771> }}
union{cone{<-2.78201,20.3247,-8.10406> ,0.140354,<-2.8419,20.502,-8.74801> ,0.131791}
sphere{<-2.78201,20.3247,-8.10406> ,0.140354}
texture{txtTree matrix <0.947406,0.320033,-0,-0.0893052,0.264374,-0.960277,-0.30732,0.909772,0.27905,-2.78201,20.3247,-8.10406> }}
union{cone{<-2.8419,20.502,-8.74801> ,0.131791,<-2.93926,20.6255,-9.16222> ,0.123227}
sphere{<-2.8419,20.502,-8.74801> ,0.131791}
texture{txtTree matrix <0.785393,0.618998,-0,-0.219744,0.278815,-0.934866,-0.57868,0.734237,0.355,-2.8419,20.502,-8.74801> }}
union{cone{<-3.15833,18.1007,-4.80993> ,0.20886,<-3.46908,18.0023,-5.22844> ,0.200297}
sphere{<-3.15833,18.1007,-4.80993> ,0.20886}
texture{txtTree matrix <-0.301897,0.953341,0,-0.585799,-0.185506,-0.788941,-0.752129,-0.238179,0.614469,-3.15833,18.1007,-4.80993> }}
union{cone{<-3.46908,18.0023,-5.22844> ,0.200297,<-3.84077,17.9793,-5.69814> ,0.191733}
sphere{<-3.46908,18.0023,-5.22844> ,0.200297}
texture{txtTree matrix <-0.0615535,0.998104,0,-0.620088,-0.0382411,-0.7836,-0.782114,-0.0482333,0.621266,-3.46908,18.0023,-5.22844> }}
union{cone{<-3.84077,17.9793,-5.69814> ,0.191733,<-4.16105,18.0415,-6.12926> ,0.18317}
sphere{<-3.84077,17.9793,-5.69814> ,0.191733}
texture{txtTree matrix <0.190504,0.981686,-0,-0.592388,0.114958,-0.797409,-0.782805,0.15191,0.60344,-3.84077,17.9793,-5.69814> }}
union{cone{<-4.16105,18.0415,-6.12926> ,0.18317,<-4.50758,18.0132,-6.56545> ,0.174607}
sphere{<-4.16105,18.0415,-6.12926> ,0.18317}
texture{txtTree matrix <-0.0813024,0.996689,0,-0.621239,-0.050676,-0.781981,-0.779392,-0.0635769,0.623303,-4.16105,18.0415,-6.12926> }}
union{cone{<-4.50758,18.0132,-6.56545> ,0.174607,<-4.85602,17.8735,-7.13351> ,0.166044}
sphere{<-4.50758,18.0132,-6.56545> ,0.174607}
texture{txtTree matrix <-0.372247,0.928134,0,-0.511733,-0.205241,-0.834269,-0.774314,-0.310554,0.551357,-4.50758,18.0132,-6.56545> }}
union{cone{<-4.85602,17.8735,-7.13351> ,0.166044,<-5.11105,17.8389,-7.67656> ,0.15748}
sphere{<-4.85602,17.8735,-7.13351> ,0.166044}
texture{txtTree matrix <-0.134332,0.990936,0,-0.424382,-0.0575295,-0.903654,-0.895463,-0.121389,0.428264,-4.85602,17.8735,-7.13351> }}
union{cone{<-5.11105,17.8389,-7.67656> ,0.15748,<-5.45032,17.6749,-8.03285> ,0.148917}
sphere{<-5.11105,17.8389,-7.67656> ,0.15748}
texture{txtTree matrix <-0.43531,0.900281,0,-0.654191,-0.316319,-0.687005,-0.618497,-0.29906,0.726653,-5.11105,17.8389,-7.67656> }}
union{cone{<-5.45032,17.6749,-8.03285> ,0.148917,<-5.93123,17.616,-8.4525> ,0.140354}
sphere{<-5.45032,17.6749,-8.03285> ,0.148917}
texture{txtTree matrix <-0.121446,0.992598,0,-0.750282,-0.0917984,-0.654714,-0.649868,-0.0795125,0.755877,-5.45032,17.6749,-8.03285> }}
union{cone{<-5.93123,17.616,-8.4525> ,0.140354,<-6.22477,17.4206,-9.03405> ,0.131791}
sphere{<-5.93123,17.616,-8.4525> ,0.140354}
texture{txtTree matrix <-0.554128,0.832432,0,-0.431609,-0.287311,-0.855083,-0.711798,-0.473825,0.518492,-5.93123,17.616,-8.4525> }}
union{cone{<-6.22477,17.4206,-9.03405> ,0.131791,<-6.71475,17.3028,-9.42022> ,0.123227}
sphere{<-6.22477,17.4206,-9.03405> ,0.131791}
texture{txtTree matrix <-0.233737,0.9723,0,-0.771757,-0.185528,-0.608251,-0.591403,-0.142171,0.793744,-6.22477,17.4206,-9.03405> }}
union{cone{<0.181018,12.8158,-0.365825> ,0.354,<0.169883,13.6047,-0.585988> ,0.340805}
sphere{<0.181018,12.8158,-0.365825> ,0.354}
texture{txtTree matrix <0.9999,0.0141146,-0,-0.0135952,0.963101,-0.268797,-0.00379398,0.26877,0.963197,0.181018,12.8158,-0.365825> }}
union{cone{<0.169883,13.6047,-0.585988> ,0.340805,<0.105606,14.2474,-0.901826> ,0.327611}
sphere{<0.169883,13.6047,-0.585988> ,0.340805}
texture{txtTree matrix <0.995037,0.0995022,-0,-0.0893899,0.893912,-0.439238,-0.0437052,0.437058,0.898371,0.169883,13.6047,-0.585988> }}
union{cone{<0.105606,14.2474,-0.901826> ,0.327611,<0.183796,15.1488,-0.888308> ,0.314416}
sphere{<0.105606,14.2474,-0.901826> ,0.327611}
texture{txtTree matrix <0.996259,-0.0864195,0,0.0864098,0.996148,0.0149395,-0.00129106,-0.0148836,0.999888,0.105606,14.2474,-0.901826> }}
union{cone{<0.183796,15.1488,-0.888308> ,0.314416,<0.00925006,15.9933,-0.928856> ,0.301222}
sphere{<0.183796,15.1488,-0.888308> ,0.314416}
texture{txtTree matrix <0.979302,0.202402,-0,-0.202179,0.978222,-0.0469676,-0.00950635,0.0459955,0.998896,0.183796,15.1488,-0.888308> }}
union{cone{<0.00925006,15.9933,-0.928856> ,0.301222,<0.111952,16.6799,-0.95129> ,0.288027}
sphere{<0.00925006,15.9933,-0.928856> ,0.301222}
texture{txtTree matrix <0.988997,-0.147934,0,0.147857,0.988481,-0.0322976,0.00477791,0.0319422,0.999478,0.00925006,15.9933,-0.928856> }}
union{cone{<0.111952,16.6799,-0.95129> ,0.288027,<-0.0461579,17.3372,-1.26097> ,0.274833}
sphere{<0.111952,16.6799,-0.95129> ,0.288027}
texture{txtTree matrix <0.972264,0.233888,-0,-0.212638,0.883929,-0.416478,-0.0974091,0.404926,0.909146,0.111952,16.6799,-0.95129> }}
union{cone{<-0.0461579,17.3372,-1.26097> ,0.274833,<-0.0592235,18.1904,-1.5696> ,0.261638}
sphere{<-0.0461579,17.3372,-1.26097> ,0.274833}
texture{txtTree matrix <0.999883,0.0153123,-0,-0.0143993,0.940266,-0.340136,-0.00520825,0.340096,0.940376,-0.0461579,17.3372,-1.26097> }}
union{cone{<-0.0592235,18.1904,-1.5696> ,0.261638,<-0.0209287,18.8289,-1.59763> ,0.248444}
sphere{<-0.0592235,18.1904,-1.5696> ,0.261638}
texture{txtTree matrix <0.998206,-0.0598654,0,0.059808,0.99725,-0.0437754,0.00262063,0.0436969,0.999041,-0.0592235,18.1904,-1.5696> }}
union{cone{<-0.0209287,18.8289,-1.59763> ,0.248444,<-0.293755,19.7353,-1.82342> ,0.235249}
sphere{<-0.0209287,18.8289,-1.59763> ,0.248444}
texture{txtTree matrix <0.957565,0.288217,-0,-0.280352,0.931434,-0.23202,-0.0668722,0.222175,0.972711,-0.0209287,18.8289,-1.59763> }}
union{cone{<-0.293755,19.7353,-1.82342> ,0.235249,<-0.361178,20.3004,-2.15832> ,0.222055}
sphere{<-0.293755,19.7353,-1.82342> ,0.235249}
texture{txtTree matrix <0.992957,0.118474,-0,-0.102107,0.855777,-0.507168,-0.0600863,0.503597,0.861847,-0.293755,19.7353,-1.82342> }}
union{cone{<-0.361178,20.3004,-2.15832> ,0.222055,<-0.217658,20.8847,-2.37321> ,0.20886}
sphere{<-0.361178,20.3004,-2.15832> ,0.222055}
texture{txtTree matrix <0.971128,-0.238561,0,0.224658,0.914535,-0.336383,0.0802477,0.326671,0.941725,-0.361178,20.3004,-2.15832> }}
union{cone{<-0.217658,20.8847,-2.37321> ,0.20886,<-0.114533,21.2972,-2.24066> ,0.200297}
sphere{<-0.217658,20.8847,-2.37321> ,0.20886}
texture{txtTree matrix <0.970146,-0.242523,0,0.231534,0.926191,0.297595,-0.0721736,-0.288711,0.954692,-0.217658,20.8847,-2.37321> }}
union{cone{<-0.114533,21.2972,-2.24066> ,0.200297,<-0.0680717,21.9526,-2.19896> ,0.191733}
sphere{<-0.114533,21.2972,-2.24066> ,0.200297}
texture{txtTree matrix <0.997497,-0.0707077,0,0.0705658,0.995494,0.0633349,-0.00447827,-0.0631764,0.997992,-0.114533,21.2972,-2.24066> }}
union{cone{<-0.0680717,21.9526,-2.19896> ,0.191733,<0.104627,22.4778,-2.21735> ,0.18317}
sphere{<-0.0680717,21.9526,-2.19896> ,0.191733}
texture{txtTree matrix <0.949952,-0.312396,0,0.312223,0.949427,-0.0332525,0.0103879,0.0315882,0.999447,-0.0680717,21.9526,-2.19896> }}
union{cone{<0.104627,22.4778,-2.21735> ,0.18317,<0.35373,22.8878,-2.13593> ,0.174607}
sphere{<0.104627,22.4778,-2.21735> ,0.18317}
texture{txtTree matrix <0.854638,-0.519224,0,0.511903,0.842589,0.167329,-0.0868809,-0.143005,0.985901,0.104627,22.4778,-2.21735> }}
union{cone{<0.35373,22.8878,-2.13593> ,0.174607,<0.467856,23.503,-1.89845> ,0.166044}
sphere{<0.35373,22.8878,-2.13593> ,0.174607}
texture{txtTree matrix <0.983224,-0.1824,0,0.17053,0.91924,0.354849,-0.0647244,-0.348896,0.934924,0.35373,22.8878,-2.13593> }}
union{cone{<0.467856,23.503,-1.89845> ,0.166044,<0.652736,24.1546,-1.75851> ,0.15748}
sphere{<0.467856,23.503,-1.89845> ,0.166044}
texture{txtTree matrix <0.962026,-0.272956,0,0.267311,0.942129,0.202332,-0.0552279,-0.194649,0.979317,0.467856,23.503,-1.89845> }}
