union{
union{cone{<0,0,0> ,0.6,<0.0265632,0.811094,-0.0977077> ,0.5795}
sphere{<0,0,0> ,0.6}
texture{txtTree matrix <0.999464,-0.0327324,0,0.0324977,0.992298,-0.119536,0.0039127,0.119472,0.99283,0,0,0> }}
union{cone{<0.0265632,0.811094,-0.0977077> ,0.5795,<-0.245246,1.99467,-0.0158536> ,0.559}
sphere{<0.0265632,0.811094,-0.0977077> ,0.5795}
texture{txtTree matrix <0.97463,0.223824,-0,-0.223317,0.972423,0.067251,0.0150524,-0.0655448,0.997736,0.0265632,0.811094,-0.0977077> }}
union{cone{<-0.245246,1.99467,-0.0158536> ,0.559,<-0.330366,2.85355,-0.22946> ,0.5385}
sphere{<-0.245246,1.99467,-0.0158536> ,0.559}
texture{txtTree matrix <0.995125,0.0986229,-0,-0.0957345,0.96598,-0.240244,-0.0236935,0.239073,0.970713,-0.245246,1.99467,-0.0158536> }}
union{cone{<-0.330366,2.85355,-0.22946> ,0.5385,<-0.0986985,4.03185,-0.112391> ,0.518}
sphere{<-0.330366,2.85355,-0.22946> ,0.5385}
texture{txtTree matrix <0.981215,-0.192919,0,0.192009,0.976585,0.0970285,-0.0187186,-0.0952058,0.995282,-0.330366,2.85355,-0.22946> }}
union{cone{<-0.0986985,4.03185,-0.112391> ,0.518,<0.0101589,5.3172,0.226834> ,0.4975}
sphere{<-0.0986985,4.03185,-0.112391> ,0.518}
texture{txtTree matrix <0.996433,-0.0843883,0,0.0816135,0.963669,0.254327,-0.0214622,-0.253419,0.967118,-0.0986985,4.03185,-0.112391> }}
union{cone{<0.0101589,5.3172,0.226834> ,0.4975,<0.148682,6.24913,0.415094> ,0.477}
sphere{<0.0101589,5.3172,0.226834> ,0.4975}
texture{txtTree matrix <0.989133,-0.147026,0,0.144176,0.969959,0.195942,-0.0288085,-0.193813,0.980615,0.0101589,5.3172,0.226834> }}
union{cone{<0.148682,6.24913,0.415094> ,0.477,<-0.0495587,7.30136,0.263013> ,0.4565}
sphere{<0.148682,6.24913,0.415094> ,0.477}
texture{txtTree matrix <0.982711,0.185144,-0,-0.183305,0.972946,-0.140623,-0.0260355,0.138191,0.990063,0.148682,6.24913,0.415094> }}
union{cone{<-0.0495587,7.30136,0.263013> ,0.4565,<-0.399345,8.58768,0.351767> ,0.436}
sphere{<-0.0495587,7.30136,0.263013> ,0.4565}
texture{txtTree matrix <0.96496,0.262398,-0,-0.261819,0.962828,0.0664331,0.0174319,-0.0641053,0.997791,-0.0495587,7.30136,0.263013> }}
union{cone{<-0.399345,8.58768,0.351767> ,0.436,<-0.257695,9.513,0.113807> ,0.4155}
sphere{<-0.399345,8.58768,0.351767> ,0.436}
texture{txtTree matrix <0.988485,-0.151321,0,0.146656,0.958016,-0.246369,0.0372807,0.243532,0.969176,-0.399345,8.58768,0.351767> }}
union{cone{<-0.257695,9.513,0.113807> ,0.4155,<-0.248686,10.5987,0.201818> ,0.395}
sphere{<-0.257695,9.513,0.113807> ,0.4155}
texture{txtTree matrix <0.999966,-0.00829766,0,0.00827053,0.996696,0.080799,-0.000670443,-0.0807962,0.99673,-0.257695,9.513,0.113807> }}
union{cone{<-0.248686,10.5987,0.201818> ,0.395,<-0.327152,11.5644,0.413589> ,0.3745}
sphere{<-0.248686,10.5987,0.201818> ,0.395}
texture{txtTree matrix <0.996716,0.0809823,-0,-0.0791148,0.97373,0.213521,0.0172914,-0.21282,0.976938,-0.248686,10.5987,0.201818> }}
union{cone{<-0.327152,11.5644,0.413589> ,0.3745,<-0.100142,12.5705,0.322229> ,0.354}
sphere{<-0.327152,11.5644,0.413589> ,0.3745}
texture{txtTree matrix <0.975476,-0.220104,0,0.219245,0.971672,-0.0882351,0.0194209,0.0860713,0.9961,-0.327152,11.5644,0.413589> }}
union{cone{<-0.100142,12.5705,0.322229> ,0.354,<-0.141842,13.1811,0.58138> ,0.340805}
sphere{<-0.100142,12.5705,0.322229> ,0.354}
texture{txtTree matrix <0.997676,0.0681344,-0,-0.0627415,0.91871,0.389918,0.0265668,-0.389012,0.920849,-0.100142,12.5705,0.322229> }}
union{cone{<-0.141842,13.1811,0.58138> ,0.340805,<0.134702,13.726,0.904463> ,0.327611}
sphere{<-0.141842,13.1811,0.58138> ,0.340805}
texture{txtTree matrix <0.891728,-0.452571,0,0.400089,0.78832,0.467419,-0.21154,-0.416811,0.884036,-0.141842,13.1811,0.58138> }}
union{cone{<0.134702,13.726,0.904463> ,0.327611,<0.449474,14.4605,1.20199> ,0.314416}
sphere{<0.134702,13.726,0.904463> ,0.327611}
texture{txtTree matrix <0.919147,-0.393915,0,0.369157,0.861377,0.348932,-0.137449,-0.320719,0.937148,0.134702,13.726,0.904463> }}
union{cone{<0.449474,14.4605,1.20199> ,0.314416,<0.653581,15.082,1.51415> ,0.301222}
sphere{<0.449474,14.4605,1.20199> ,0.314416}
texture{txtTree matrix <0.950079,-0.31201,0,0.281592,0.857457,0.430667,-0.134372,-0.409168,0.902511,0.449474,14.4605,1.20199> }}
union{cone{<0.653581,15.082,1.51415> ,0.301222,<0.797026,15.643,1.79431> ,0.288027}
sphere{<0.653581,15.082,1.51415> ,0.301222}
texture{txtTree matrix <0.968832,-0.247719,0,0.222992,0.872124,0.435517,-0.107886,-0.421943,0.900181,0.653581,15.082,1.51415> }}
union{cone{<0.797026,15.643,1.79431> ,0.288027,<0.915715,16.1408,2.0961> ,0.274833}
sphere{<0.797026,15.643,1.79431> ,0.288027}
texture{txtTree matrix <0.97273,-0.231942,0,0.199786,0.837873,0.507991,-0.117824,-0.494138,0.861362,0.797026,15.643,1.79431> }}
union{cone{<0.915715,16.1408,2.0961> ,0.274833,<1.18002,16.8908,2.33944> ,0.261638}
sphere{<0.915715,16.1408,2.0961> ,0.274833}
texture{txtTree matrix <0.943149,-0.332369,0,0.317822,0.901868,0.292613,-0.0972557,-0.275978,0.956231,0.915715,16.1408,2.0961> }}
union{cone{<1.18002,16.8908,2.33944> ,0.261638,<1.15614,17.6298,2.9173> ,0.248444}
sphere{<1.18002,16.8908,2.33944> ,0.261638}
texture{txtTree matrix <0.999478,0.0322944,-0,-0.025446,0.787528,0.615753,0.0198854,-0.615432,0.787939,1.18002,16.8908,2.33944> }}
union{cone{<1.15614,17.6298,2.9173> ,0.248444,<1.40004,18.2108,3.15803> ,0.235249}
sphere{<1.15614,17.6298,2.9173> ,0.248444}
texture{txtTree matrix <0.922054,-0.387062,0,0.361575,0.861338,0.356876,-0.138133,-0.329059,0.934152,1.15614,17.6298,2.9173> }}
union{cone{<1.40004,18.2108,3.15803> ,0.235249,<1.6202,18.8363,3.42761> ,0.222055}
sphere{<1.40004,18.2108,3.15803> ,0.235249}
texture{txtTree matrix <0.943261,-0.332052,0,0.3076,0.8738,0.376636,-0.125063,-0.355267,0.926361,1.40004,18.2108,3.15803> }}
union{cone{<1.6202,18.8363,3.42761> ,0.222055,<1.89148,19.4129,4.04686> ,0.20886}
sphere{<1.6202,18.8363,3.42761> ,0.222055}
texture{txtTree matrix <0.904856,-0.425717,0,0.305303,0.648919,0.696918,-0.29669,-0.63061,0.717151,1.6202,18.8363,3.42761> }}
union{cone{<1.89148,19.4129,4.04686> ,0.20886,<2.03598,19.6389,4.46099> ,0.200297}
sphere{<1.89148,19.4129,4.04686> ,0.20886}
texture{txtTree matrix <0.842548,-0.538622,0,0.292848,0.458092,0.83928,-0.452055,-0.707134,0.543699,1.89148,19.4129,4.04686> }}
union{cone{<2.03598,19.6389,4.46099> ,0.200297,<2.08751,19.7071,4.96807> ,0.191733}
sphere{<2.03598,19.6389,4.46099> ,0.200297}
texture{txtTree matrix <0.797788,-0.602938,0,0.100206,0.132589,0.986093,-0.594553,-0.786693,0.166195,2.03598,19.6389,4.46099> }}
union{cone{<2.08751,19.7071,4.96807> ,0.191733,<2.22899,19.7735,5.41729> ,0.18317}
sphere{<2.08751,19.7071,4.96807> ,0.191733}
texture{txtTree matrix <0.425164,-0.905116,0,0.297448,0.139721,0.944459,-0.854845,-0.40155,0.328629,2.08751,19.7071,4.96807> }}
union{cone{<2.22899,19.7735,5.41729> ,0.18317,<2.21992,20.0851,6.06963> ,0.174607}
sphere{<2.22899,19.7735,5.41729> ,0.18317}
texture{txtTree matrix <0.999576,0.0291125,-0,-0.0125495,0.430887,0.902319,0.0262687,-0.901936,0.431069,2.22899,19.7735,5.41729> }}
union{cone{<2.21992,20.0851,6.06963> ,0.174607,<2.2082,20.2907,6.52676> ,0.166044}
sphere{<2.21992,20.0851,6.06963> ,0.174607}
texture{txtTree matrix <0.998381,0.056873,-0,-0.0233665,0.410189,0.911701,0.0518512,-0.910225,0.410854,2.21992,20.0851,6.06963> }}
union{cone{<2.2082,20.2907,6.52676> ,0.166044,<2.35629,20.4771,6.98173> ,0.15748}
sphere{<2.2082,20.2907,6.52676> ,0.166044}
texture{txtTree matrix <0.782886,-0.622165,0,0.288412,0.362916,0.886065,-0.551278,-0.693688,0.463562,2.2082,20.2907,6.52676> }}
union{cone{<2.35629,20.4771,6.98173> ,0.15748,<2.61234,20.5234,7.6464> ,0.148917}
sphere{<2.35629,20.4771,6.98173> ,0.15748}
texture{txtTree matrix <0.177946,-0.98404,0,0.35871,0.0648663,0.931192,-0.916331,-0.165702,0.364528,2.35629,20.4771,6.98173> }}
union{cone{<2.61234,20.5234,7.6464> ,0.148917,<2.60407,20.5007,8.17747> ,0.140354}
sphere{<2.61234,20.5234,7.6464> ,0.148917}
texture{txtTree matrix <-0.939749,0.341865,0,-0.0155474,-0.0427381,0.998965,0.341512,0.938777,0.0454782,2.61234,20.5234,7.6464> }}
union{cone{<2.60407,20.5007,8.17747> ,0.140354,<2.70436,20.5252,8.63344> ,0.131791}
sphere{<2.60407,20.5007,8.17747> ,0.140354}
texture{txtTree matrix <0.237446,-0.971401,0,0.214509,0.0524339,0.975314,-0.94742,-0.231584,0.220824,2.60407,20.5007,8.17747> }}
union{cone{<2.70436,20.5252,8.63344> ,0.131791,<2.74684,20.6334,9.35275> ,0.123227}
sphere{<2.70436,20.5252,8.63344> ,0.131791}
texture{txtTree matrix <0.930901,-0.365272,0,0.0583039,0.148588,0.987179,-0.360589,-0.918966,0.159617,2.70436,20.5252,8.63344> }}
union{cone{<1.81778,19.2562,3.87863> ,0.20886,<2.16208,19.615,4.15517> ,0.200297}
sphere{<1.81778,19.2562,3.87863> ,0.20886}
texture{txtTree matrix <0.72148,-0.692435,0,0.60514,0.630523,0.486052,-0.33656,-0.350677,0.87393,1.81778,19.2562,3.87863> }}
union{cone{<2.16208,19.615,4.15517> ,0.200297,<2.59136,19.9818,4.50797> ,0.191733}
sphere{<2.16208,19.615,4.15517> ,0.200297}
texture{txtTree matrix <0.649624,-0.760256,0,0.644749,0.550926,0.529887,-0.402849,-0.344227,0.848069,2.16208,19.615,4.15517> }}
union{cone{<2.59136,19.9818,4.50797> ,0.191733,<3.01768,20.2354,4.82879> ,0.18317}
sphere{<2.59136,19.9818,4.50797> ,0.191733}
texture{txtTree matrix <0.51126,-0.859426,0,0.721651,0.4293,0.543066,-0.466725,-0.277648,0.83969,2.59136,19.9818,4.50797> }}
union{cone{<3.01768,20.2354,4.82879> ,0.18317,<3.43858,20.5344,4.98692> ,0.174607}
sphere{<3.01768,20.2354,4.82879> ,0.18317}
texture{txtTree matrix <0.579183,-0.815198,0,0.779463,0.553793,0.292833,-0.238717,-0.169604,0.956164,3.01768,20.2354,4.82879> }}
union{cone{<3.43858,20.5344,4.98692> ,0.174607,<3.81458,20.7666,5.2423> ,0.166044}
sphere{<3.43858,20.5344,4.98692> ,0.174607}
texture{txtTree matrix <0.525385,-0.850864,0,0.73669,0.454886,0.500367,-0.425745,-0.262886,0.865813,3.43858,20.5344,4.98692> }}
union{cone{<3.81458,20.7666,5.2423> ,0.166044,<4.45524,20.9026,5.44441> ,0.15748}
sphere{<3.81458,20.7666,5.2423> ,0.166044}
texture{txtTree matrix <0.207681,-0.978197,0,0.934703,0.198447,0.294873,-0.288444,-0.0612394,0.955537,3.81458,20.7666,5.2423> }}
union{cone{<4.45524,20.9026,5.44441> ,0.15748,<4.8766,21.0088,5.70695> ,0.148917}
sphere{<4.45524,20.9026,5.44441> ,0.15748}
texture{txtTree matrix <0.244445,-0.969663,0,0.82995,0.209224,0.517116,-0.501428,-0.126406,0.855915,4.45524,20.9026,5.44441> }}
union{cone{<4.8766,21.0088,5.70695> ,0.148917,<5.37689,21.1741,6.12655> ,0.140354}
sphere{<4.8766,21.0088,5.70695> ,0.148917}
texture{txtTree matrix <0.31361,-0.949552,0,0.742777,0.245318,0.622977,-0.591549,-0.195372,0.78224,4.8766,21.0088,5.70695> }}
union{cone{<5.37689,21.1741,6.12655> ,0.140354,<5.8367,21.2346,6.40486> ,0.131791}
sphere{<5.37689,21.1741,6.12655> ,0.140354}
texture{txtTree matrix <0.130571,-0.991439,0,0.850115,0.111959,0.514558,-0.510153,-0.0671864,0.857456,5.37689,21.1741,6.12655> }}
union{cone{<5.8367,21.2346,6.40486> ,0.131791,<6.35759,21.4053,6.6058> ,0.123227}
sphere{<5.8367,21.2346,6.40486> ,0.131791}
texture{txtTree matrix <0.311383,-0.950285,0,0.89222,0.292357,0.344195,-0.327083,-0.107176,0.938898,5.8367,21.2346,6.40486> }}
union{cone{<1.16716,17.2886,2.6505> ,0.20886,<0.772857,17.8415,2.77913> ,0.200297}
sphere{<1.16716,17.2886,2.6505> ,0.20886}
texture{txtTree matrix <0.814163,0.580636,-0,-0.570492,0.799938,0.186113,0.108064,-0.151526,0.982528,1.16716,17.2886,2.6505> }}
union{cone{<0.772857,17.8415,2.77913> ,0.200297,<0.372899,18.302,3.00365> ,0.191733}
sphere{<0.772857,17.8415,2.77913> ,0.200297}
texture{txtTree matrix <0.754966,0.655764,-0,-0.615392,0.708487,0.345454,0.226536,-0.260806,0.938436,0.772857,17.8415,2.77913> }}
union{cone{<0.372899,18.302,3.00365> ,0.191733,<0.0994537,18.6201,3.13611> ,0.18317}
sphere{<0.372899,18.302,3.00365> ,0.191733}
texture{txtTree matrix <0.758365,0.65183,-0,-0.621581,0.723173,0.301093,0.196262,-0.228339,0.953595,0.372899,18.302,3.00365> }}
union{cone{<0.0994537,18.6201,3.13611> ,0.18317,<-0.0524851,19.1243,3.4374> ,0.174607}
sphere{<0.0994537,18.6201,3.13611> ,0.18317}
texture{txtTree matrix <0.957474,0.288521,-0,-0.25043,0.831068,0.496599,0.143279,-0.475481,0.86798,0.0994537,18.6201,3.13611> }}
union{cone{<-0.0524851,19.1243,3.4374> ,0.174607,<-0.177851,19.6349,3.56582> ,0.166044}
sphere{<-0.0524851,19.1243,3.4374> ,0.174607}
texture{txtTree matrix <0.971153,0.238456,-0,-0.231645,0.943415,0.237293,0.056584,-0.230448,0.971438,-0.0524851,19.1243,3.4374> }}
union{cone{<-0.177851,19.6349,3.56582> ,0.166044,<-0.305078,20.0879,3.81811> ,0.15748}
sphere{<-0.177851,19.6349,3.56582> ,0.166044}
texture{txtTree matrix <0.96276,0.270357,-0,-0.238275,0.848511,0.472497,0.127743,-0.454901,0.881332,-0.177851,19.6349,3.56582> }}
union{cone{<-0.305078,20.0879,3.81811> ,0.15748,<-0.635767,20.5144,3.91884> ,0.148917}
sphere{<-0.305078,20.0879,3.81811> ,0.15748}
texture{txtTree matrix <0.790245,0.612791,-0,-0.602388,0.776829,0.183483,0.112437,-0.144997,0.983023,-0.305078,20.0879,3.81811> }}
union{cone{<-0.635767,20.5144,3.91884> ,0.148917,<-0.963619,20.8733,4.03314> ,0.140354}
sphere{<-0.635767,20.5144,3.91884> ,0.148917}
texture{txtTree matrix <0.738313,0.674458,-0,-0.656553,0.718713,0.228889,0.154376,-0.168992,0.973452,-0.635767,20.5144,3.91884> }}
union{cone{<-0.963619,20.8733,4.03314> ,0.140354,<-1.26109,21.3179,4.32019> ,0.131791}
sphere{<-0.963619,20.8733,4.03314> ,0.140354}
texture{txtTree matrix <0.831159,0.556034,-0,-0.489957,0.732387,0.472811,0.262899,-0.392981,0.881164,-0.963619,20.8733,4.03314> }}
union{cone{<-1.26109,21.3179,4.32019> ,0.131791,<-1.68771,21.6905,4.63491> ,0.123227}
sphere{<-1.26109,21.3179,4.32019> ,0.131791}
texture{txtTree matrix <0.65776,0.753227,-0,-0.658411,0.574961,0.48571,0.36585,-0.31948,0.87412,-1.26109,21.3179,4.32019> }}
union{cone{<-0.256653,9.63857,0.123987> ,0.354,<0.246127,10.1972,-0.097669> ,0.340805}
sphere{<-0.256653,9.63857,0.123987> ,0.354}
texture{txtTree matrix <0.743289,-0.668971,0,0.641647,0.71293,-0.282877,0.189236,0.210259,0.959156,-0.256653,9.63857,0.123987> }}
union{cone{<0.246127,10.1972,-0.097669> ,0.340805,<0.606877,10.9488,-0.424994> ,0.327611}
sphere{<0.246127,10.1972,-0.097669> ,0.340805}
texture{txtTree matrix <0.90152,-0.432738,0,0.402801,0.839152,-0.36548,0.158157,0.329487,0.930819,0.246127,10.1972,-0.097669> }}
union{cone{<0.606877,10.9488,-0.424994> ,0.327611,<1.21261,11.5512,-0.785182> ,0.314416}
sphere{<0.606877,10.9488,-0.424994> ,0.327611}
texture{txtTree matrix <0.705158,-0.70905,0,0.653352,0.649766,-0.388505,0.275469,0.273958,0.921447,0.606877,10.9488,-0.424994> }}
union{cone{<1.21261,11.5512,-0.785182> ,0.314416,<1.63504,12.2216,-1.1857> ,0.301222}
sphere{<1.21261,11.5512,-0.785182> ,0.314416}
texture{txtTree matrix <0.846069,-0.533073,0,0.475759,0.755104,-0.451077,0.240457,0.381643,0.892485,1.21261,11.5512,-0.785182> }}
union{cone{<1.63504,12.2216,-1.1857> ,0.301222,<2.03154,12.707,-1.28236> ,0.288027}
sphere{<1.63504,12.2216,-1.1857> ,0.301222}
texture{txtTree matrix <0.774451,-0.632634,0,0.625242,0.765402,-0.15242,0.0964262,0.118042,0.988316,1.63504,12.2216,-1.1857> }}
union{cone{<2.03154,12.707,-1.28236> ,0.288027,<2.42211,13.5271,-1.37112> ,0.274833}
sphere{<2.03154,12.707,-1.28236> ,0.288027}
texture{txtTree matrix <0.902832,-0.429993,0,0.427954,0.898552,-0.097264,0.0418228,0.0878131,0.995259,2.03154,12.707,-1.28236> }}
union{cone{<2.42211,13.5271,-1.37112> ,0.274833,<2.74069,14.2074,-1.70727> ,0.261638}
sphere{<2.42211,13.5271,-1.37112> ,0.274833}
texture{txtTree matrix <0.905623,-0.424083,0,0.387096,0.826638,-0.408443,0.173214,0.369896,0.912784,2.42211,13.5271,-1.37112> }}
union{cone{<2.74069,14.2074,-1.70727> ,0.261638,<3.29751,14.7592,-2.16707> ,0.248444}
sphere{<2.74069,14.2074,-1.70727> ,0.261638}
texture{txtTree matrix <0.703903,-0.710296,0,0.612687,0.607172,-0.505922,0.359354,0.35612,0.862579,2.74069,14.2074,-1.70727> }}
union{cone{<3.29751,14.7592,-2.16707> ,0.248444,<3.92026,15.2501,-2.26073> ,0.235249}
sphere{<3.29751,14.7592,-2.16707> ,0.248444}
texture{txtTree matrix <0.619081,-0.785327,0,0.779905,0.614807,-0.117302,0.0921202,0.0726193,0.993096,3.29751,14.7592,-2.16707> }}
union{cone{<3.92026,15.2501,-2.26073> ,0.235249,<4.55793,15.6967,-2.4643> ,0.222055}
sphere{<3.92026,15.2501,-2.26073> ,0.235249}
texture{txtTree matrix <0.573615,-0.819125,0,0.792477,0.554954,-0.252995,0.207235,0.145122,0.967468,3.92026,15.2501,-2.26073> }}
union{cone{<4.55793,15.6967,-2.4643> ,0.222055,<4.98645,16.4847,-2.79527> ,0.20886}
sphere{<4.55793,15.6967,-2.4643> ,0.222055}
texture{txtTree matrix <0.878523,-0.4777,0,0.44817,0.824214,-0.346142,0.165352,0.304094,0.938182,4.55793,15.6967,-2.4643> }}
union{cone{<4.98645,16.4847,-2.79527> ,0.20886,<5.22794,17.1211,-2.78595> ,0.200297}
sphere{<4.98645,16.4847,-2.79527> ,0.20886}
texture{txtTree matrix <0.934942,-0.3548,0,0.354767,0.934855,0.013695,-0.00485899,-0.0128041,0.999906,4.98645,16.4847,-2.79527> }}
union{cone{<5.22794,17.1211,-2.78595> ,0.200297,<5.42876,17.5645,-2.58566> ,0.191733}
sphere{<5.22794,17.1211,-2.78595> ,0.200297}
texture{txtTree matrix <0.910936,-0.412547,0,0.381515,0.842415,0.380504,-0.156976,-0.346615,0.924779,5.22794,17.1211,-2.78595> }}
union{cone{<5.42876,17.5645,-2.58566> ,0.191733,<5.72393,18.0846,-2.43636> ,0.18317}
sphere{<5.42876,17.5645,-2.58566> ,0.191733}
texture{txtTree matrix <0.869684,-0.493609,0,0.478908,0.843783,0.242235,-0.11957,-0.210668,0.970218,5.42876,17.5645,-2.58566> }}
union{cone{<5.72393,18.0846,-2.43636> ,0.18317,<6.0135,18.634,-2.47853> ,0.174607}
sphere{<5.72393,18.0846,-2.43636> ,0.18317}
texture{txtTree matrix <0.884654,-0.466248,0,0.465177,0.882622,-0.0677403,0.0315838,0.0599267,0.997703,5.72393,18.0846,-2.43636> }}
union{cone{<6.0135,18.634,-2.47853> ,0.174607,<6.23251,19.2334,-2.44077> ,0.166044}
sphere{<6.0135,18.634,-2.47853> ,0.174607}
texture{txtTree matrix <0.939264,-0.343196,0,0.342597,0.937624,0.0590666,-0.0202714,-0.0554791,0.998254,6.0135,18.634,-2.47853> }}
union{cone{<6.23251,19.2334,-2.44077> ,0.166044,<6.61002,19.6343,-2.44993> ,0.15748}
sphere{<6.23251,19.2334,-2.44077> ,0.166044}
texture{txtTree matrix <0.728061,-0.685512,0,0.685417,0.727961,-0.0166377,0.0114054,0.0121133,0.999862,6.23251,19.2334,-2.44077> }}
union{cone{<6.61002,19.6343,-2.44993> ,0.15748,<6.76976,20.0899,-2.40904> ,0.148917}
sphere{<6.61002,19.6343,-2.44993> ,0.15748}
texture{txtTree matrix <0.943667,-0.330896,0,0.329715,0.9403,0.0844055,-0.0279295,-0.0796507,0.996431,6.61002,19.6343,-2.44993> }}
union{cone{<6.76976,20.0899,-2.40904> ,0.148917,<7.18908,20.4652,-2.24674> ,0.140354}
sphere{<6.76976,20.0899,-2.40904> ,0.148917}
texture{txtTree matrix <0.66688,-0.745165,0,0.71598,0.64076,0.277128,-0.206506,-0.184811,0.960833,6.76976,20.0899,-2.40904> }}
union{cone{<7.18908,20.4652,-2.24674> ,0.140354,<7.41766,20.9719,-1.99339> ,0.131791}
sphere{<7.18908,20.4652,-2.24674> ,0.140354}
texture{txtTree matrix <0.911563,-0.41116,0,0.374141,0.829491,0.414684,-0.170501,-0.378011,0.909966,7.18908,20.4652,-2.24674> }}
union{cone{<7.41766,20.9719,-1.99339> ,0.131791,<7.63088,21.5655,-1.88822> ,0.123227}
sphere{<7.41766,20.9719,-1.99339> ,0.131791}
texture{txtTree matrix <0.941127,-0.338052,0,0.333448,0.928309,0.164484,-0.0556042,-0.1548,0.98638,7.41766,20.9719,-1.99339> }}
union{cone{<4.2931,15.5112,-2.37976> ,0.20886,<4.86593,15.5576,-2.56126> ,0.200297}
sphere{<4.2931,15.5112,-2.37976> ,0.20886}
texture{txtTree matrix <0.0807303,-0.996736,0,0.950465,0.0769826,-0.301149,0.300166,0.0243118,0.953577,4.2931,15.5112,-2.37976> }}
union{cone{<4.86593,15.5576,-2.56126> ,0.200297,<5.38843,15.4665,-2.98538> ,0.191733}
sphere{<4.86593,15.5576,-2.56126> ,0.200297}
texture{txtTree matrix <-0.171756,-0.985139,0,0.769395,-0.134142,-0.62453,0.615249,-0.107267,0.781001,4.86593,15.5576,-2.56126> }}
union{cone{<5.38843,15.4665,-2.98538> ,0.191733,<5.92572,15.3524,-3.40184> ,0.18317}
sphere{<5.38843,15.4665,-2.98538> ,0.191733}
texture{txtTree matrix <-0.207699,-0.978193,0,0.779468,-0.165504,-0.604183,0.591008,-0.125488,0.796845,5.38843,15.4665,-2.98538> }}
union{cone{<5.92572,15.3524,-3.40184> ,0.18317,<6.56898,15.4415,-3.68672> ,0.174607}
sphere{<5.92572,15.3524,-3.40184> ,0.18317}
texture{txtTree matrix <0.137149,-0.99055,0,0.907106,0.125596,-0.401727,0.397931,0.0550967,0.915759,5.92572,15.3524,-3.40184> }}
union{cone{<6.56898,15.4415,-3.68672> ,0.174607,<7.12276,15.5252,-3.87445> ,0.166044}
sphere{<6.56898,15.4415,-3.68672> ,0.174607}
texture{txtTree matrix <0.149407,-0.988776,0,0.937514,0.141661,-0.317805,0.314238,0.0474823,0.948156,6.56898,15.4415,-3.68672> }}
union{cone{<7.12276,15.5252,-3.87445> ,0.166044,<7.58202,15.465,-4.01303> ,0.15748}
sphere{<7.12276,15.5252,-3.87445> ,0.166044}
texture{txtTree matrix <-0.129882,-0.991529,0,0.949919,-0.124432,-0.286655,0.284227,-0.0372315,0.958034,7.12276,15.5252,-3.87445> }}
union{cone{<7.58202,15.465,-4.01303> ,0.15748,<7.97399,15.4278,-4.3799> ,0.148917}
sphere{<7.58202,15.465,-4.01303> ,0.15748}
texture{txtTree matrix <-0.094405,-0.995534,0,0.728356,-0.0690689,-0.681709,0.678664,-0.0643568,0.731623,7.58202,15.465,-4.01303> }}
union{cone{<7.97399,15.4278,-4.3799> ,0.148917,<8.40042,15.2922,-4.53067> ,0.140354}
sphere{<7.97399,15.4278,-4.3799> ,0.148917}
texture{txtTree matrix <-0.303033,-0.95298,0,0.903096,-0.28717,-0.319298,0.304285,-0.0967579,0.947654,7.97399,15.4278,-4.3799> }}
union{cone{<8.40042,15.2922,-4.53067> ,0.140354,<8.8408,15.1819,-4.68277> ,0.131791}
sphere{<8.40042,15.2922,-4.53067> ,0.140354}
texture{txtTree matrix <-0.24309,-0.970004,0,0.919757,-0.230498,-0.317675,0.308146,-0.0772236,0.9482,8.40042,15.2922,-4.53067> }}
union{cone{<8.8408,15.1819,-4.68277> ,0.131791,<9.27234,15.0594,-4.92877> ,0.123227}
sphere{<8.8408,15.1819,-4.68277> ,0.131791}
texture{txtTree matrix <-0.272987,-0.962018,0,0.843501,-0.239356,-0.480847,0.462584,-0.131265,0.876804,8.8408,15.1819,-4.68277> }}
union{cone{<4.34849,15.55,-2.39744> ,0.20886,<4.58613,15.9365,-2.55226> ,0.200297}
sphere{<4.34849,15.55,-2.39744> ,0.20886}
texture{txtTree matrix <0.851831,-0.523816,0,0.495745,0.806181,-0.322969,0.169176,0.275115,0.94641,4.34849,15.55,-2.39744> }}
union{cone{<4.58613,15.9365,-2.55226> ,0.200297,<4.63603,16.5196,-2.81084> ,0.191733}
sphere{<4.58613,15.9365,-2.55226> ,0.200297}
texture{txtTree matrix <0.99636,-0.0852438,0,0.0779735,0.911382,-0.404107,0.0344476,0.402636,0.914712,4.58613,15.9365,-2.55226> }}
union{cone{<4.63603,16.5196,-2.81084> ,0.191733,<4.93048,16.9736,-3.23731> ,0.18317}
sphere{<4.63603,16.5196,-2.81084> ,0.191733}
texture{txtTree matrix <0.838971,-0.544177,0,0.427388,0.658914,-0.619009,0.33685,0.51933,0.785384,4.63603,16.5196,-2.81084> }}
union{cone{<4.93048,16.9736,-3.23731> ,0.18317,<5.06373,17.3463,-3.52729> ,0.174607}
sphere{<4.93048,16.9736,-3.23731> ,0.18317}
texture{txtTree matrix <0.941616,-0.336688,0,0.271593,0.759564,-0.591016,0.198988,0.55651,0.80666,4.93048,16.9736,-3.23731> }}
union{cone{<5.06373,17.3463,-3.52729> ,0.174607,<5.17675,17.9578,-3.71904> ,0.166044}
sphere{<5.06373,17.3463,-3.52729> ,0.174607}
texture{txtTree matrix <0.983348,-0.18173,0,0.173663,0.939695,-0.294644,0.0535458,0.289738,0.955607,5.06373,17.3463,-3.52729> }}
union{cone{<5.17675,17.9578,-3.71904> ,0.166044,<5.29494,18.3618,-4.05947> ,0.15748}
sphere{<5.17675,17.9578,-3.71904> ,0.166044}
texture{txtTree matrix <0.959776,-0.280767,0,0.218308,0.746265,-0.628832,0.176555,0.603538,0.777541,5.17675,17.9578,-3.71904> }}
union{cone{<5.29494,18.3618,-4.05947> ,0.15748,<5.44622,18.8084,-4.5237> ,0.148917}
sphere{<5.29494,18.3618,-4.05947> ,0.15748}
texture{txtTree matrix <0.947119,-0.320882,0,0.228649,0.674883,-0.701607,0.225133,0.664506,0.712564,5.29494,18.3618,-4.05947> }}
union{cone{<5.44622,18.8084,-4.5237> ,0.148917,<5.53485,19.2672,-4.68842> ,0.140354}
sphere{<5.44622,18.8084,-4.5237> ,0.148917}
texture{txtTree matrix <0.981852,-0.189646,0,0.17886,0.92601,-0.332438,0.0630456,0.326405,0.943125,5.44622,18.8084,-4.5237> }}
union{cone{<5.53485,19.2672,-4.68842> ,0.140354,<5.62435,19.5859,-5.00659> ,0.131791}
sphere{<5.53485,19.2672,-4.68842> ,0.140354}
texture{txtTree matrix <0.962756,-0.270372,0,0.194936,0.69414,-0.692943,0.187352,0.667135,0.720992,5.53485,19.2672,-4.68842> }}
union{cone{<5.62435,19.5859,-5.00659> ,0.131791,<5.7476,20.2113,-5.30628> ,0.123227}
sphere{<5.62435,19.5859,-5.00659> ,0.131791}
texture{txtTree matrix <0.981131,-0.193343,0,0.17497,0.887896,-0.425471,0.0822621,0.417443,0.904972,5.62435,19.5859,-5.00659> }}
union{cone{<-0.328077,9.05324,0.232042> ,0.354,<-0.66613,9.57878,-0.012891> ,0.340805}
sphere{<-0.328077,9.05324,0.232042> ,0.354}
texture{txtTree matrix <0.841032,0.540986,-0,-0.503676,0.783029,-0.364934,-0.197424,0.306921,0.931033,-0.328077,9.05324,0.232042> }}
union{cone{<-0.66613,9.57878,-0.012891> ,0.340805,<-0.948694,10.205,-0.435662> ,0.327611}
sphere{<-0.66613,9.57878,-0.012891> ,0.340805}
texture{txtTree matrix <0.9115,0.411301,-0,-0.350288,0.776286,-0.524098,-0.215562,0.477715,0.851658,-0.66613,9.57878,-0.012891> }}
union{cone{<-0.948694,10.205,-0.435662> ,0.327611,<-1.30388,10.6298,-0.916005> ,0.314416}
sphere{<-0.948694,10.205,-0.435662> ,0.327611}
texture{txtTree matrix <0.767201,0.641407,-0,-0.484526,0.579552,-0.655251,-0.420282,0.502709,0.755412,-0.948694,10.205,-0.435662> }}
union{cone{<-1.30388,10.6298,-0.916005> ,0.314416,<-1.71566,11.3542,-1.3482> ,0.301222}
sphere{<-1.30388,10.6298,-0.916005> ,0.314416}
texture{txtTree matrix <0.869358,0.494182,-0,-0.438683,0.771725,-0.460433,-0.227538,0.400281,0.887695,-1.30388,10.6298,-0.916005> }}
union{cone{<-1.71566,11.3542,-1.3482> ,0.301222,<-1.84161,11.8537,-1.69846> ,0.288027}
sphere{<-1.71566,11.3542,-1.3482> ,0.301222}
texture{txtTree matrix <0.96965,0.244495,-0,-0.202185,0.801849,-0.562281,-0.137475,0.545216,0.826946,-1.71566,11.3542,-1.3482> }}
union{cone{<-1.84161,11.8537,-1.69846> ,0.288027,<-2.09589,12.5186,-2.34925> ,0.274833}
sphere{<-1.84161,11.8537,-1.69846> ,0.288027}
texture{txtTree matrix <0.934026,0.357205,-0,-0.263636,0.689362,-0.674741,-0.241021,0.630226,0.738054,-1.84161,11.8537,-1.69846> }}
union{cone{<-2.09589,12.5186,-2.34925> ,0.274833,<-2.69986,13.1611,-2.70648> ,0.261638}
sphere{<-2.09589,12.5186,-2.34925> ,0.274833}
texture{txtTree matrix <0.728609,0.68493,-0,-0.634817,0.6753,-0.375469,-0.25717,0.27357,0.926835,-2.09589,12.5186,-2.34925> }}
union{cone{<-2.69986,13.1611,-2.70648> ,0.261638,<-3.23433,13.6887,-3.10331> ,0.248444}
sphere{<-2.69986,13.1611,-2.70648> ,0.261638}
texture{txtTree matrix <0.702486,0.711697,-0,-0.629245,0.621101,-0.46721,-0.332512,0.328209,0.884146,-2.69986,13.1611,-2.70648> }}
union{cone{<-3.23433,13.6887,-3.10331> ,0.248444,<-3.55456,14.3514,-3.7298> ,0.235249}
sphere{<-3.23433,13.6887,-3.10331> ,0.248444}
texture{txtTree matrix <0.900388,0.435088,-0,-0.331319,0.685644,-0.648167,-0.28201,0.583602,0.761498,-3.23433,13.6887,-3.10331> }}
union{cone{<-3.55456,14.3514,-3.7298> ,0.235249,<-3.81079,14.8506,-4.13956> ,0.222055}
sphere{<-3.55456,14.3514,-3.7298> ,0.235249}
texture{txtTree matrix <0.889678,0.456588,-0,-0.368747,0.718517,-0.589711,-0.269255,0.524653,0.807614,-3.55456,14.3514,-3.7298> }}
union{cone{<-3.81079,14.8506,-4.13956> ,0.222055,<-4.13334,15.1999,-4.69213> ,0.20886}
sphere{<-3.81079,14.8506,-4.13956> ,0.222055}
texture{txtTree matrix <0.734677,0.678417,-0,-0.44248,0.479175,-0.758025,-0.514257,0.556904,0.652225,-3.81079,14.8506,-4.13956> }}
union{cone{<-4.13334,15.1999,-4.69213> ,0.20886,<-4.48089,15.673,-4.78613> ,0.200297}
sphere{<-4.13334,15.1999,-4.69213> ,0.20886}
texture{txtTree matrix <0.805901,0.59205,-0,-0.584602,0.795764,-0.158115,-0.0936121,0.127425,0.987421,-4.13334,15.1999,-4.69213> }}
union{cone{<-4.48089,15.673,-4.78613> ,0.200297,<-4.83366,16.1262,-4.86486> ,0.191733}
sphere{<-4.48089,15.673,-4.78613> ,0.200297}
texture{txtTree matrix <0.789131,0.614225,-0,-0.608534,0.781819,-0.135816,-0.0834216,0.107177,0.990734,-4.48089,15.673,-4.78613> }}
union{cone{<-4.83366,16.1262,-4.86486> ,0.191733,<-5.40129,16.4527,-5.15022> ,0.18317}
sphere{<-4.83366,16.1262,-4.86486> ,0.191733}
texture{txtTree matrix <0.498528,0.866874,-0,-0.794689,0.457015,-0.399508,-0.346323,0.199166,0.91673,-4.83366,16.1262,-4.86486> }}
union{cone{<-5.40129,16.4527,-5.15022> ,0.18317,<-5.90433,16.9379,-5.28847> ,0.174607}
sphere{<-5.40129,16.4527,-5.15022> ,0.18317}
texture{txtTree matrix <0.69422,0.719763,-0,-0.706081,0.681023,-0.194056,-0.139674,0.134717,0.98099,-5.40129,16.4527,-5.15022> }}
union{cone{<-5.90433,16.9379,-5.28847> ,0.174607,<-6.35712,17.3068,-5.61641> ,0.166044}
sphere{<-5.90433,16.9379,-5.28847> ,0.174607}
texture{txtTree matrix <0.631684,0.775226,-0,-0.675973,0.550808,-0.489563,-0.379522,0.309249,0.871968,-5.90433,16.9379,-5.28847> }}
union{cone{<-6.35712,17.3068,-5.61641> ,0.166044,<-6.72053,17.7988,-5.71617> ,0.15748}
sphere{<-6.35712,17.3068,-5.61641> ,0.166044}
texture{txtTree matrix <0.804344,0.594164,-0,-0.586414,0.793853,-0.160984,-0.0956509,0.129487,0.986957,-6.35712,17.3068,-5.61641> }}
union{cone{<-6.72053,17.7988,-5.71617> ,0.15748,<-7.28006,18.1626,-5.79569> ,0.148917}
sphere{<-6.72053,17.7988,-5.71617> ,0.15748}
texture{txtTree matrix <0.545162,0.838331,-0,-0.832444,0.541334,-0.1183,-0.0991745,0.0644926,0.992978,-6.72053,17.7988,-5.71617> }}
union{cone{<-7.28006,18.1626,-5.79569> ,0.148917,<-7.74698,18.5323,-6.20049> ,0.140354}
sphere{<-7.28006,18.1626,-5.79569> ,0.148917}
texture{txtTree matrix <0.620733,0.784022,-0,-0.648413,0.513368,-0.562151,-0.440739,0.348946,0.827035,-7.28006,18.1626,-5.79569> }}
union{cone{<-7.74698,18.5323,-6.20049> ,0.140354,<-8.11074,18.9617,-6.55447> ,0.131791}
sphere{<-7.74698,18.5323,-6.20049> ,0.140354}
texture{txtTree matrix <0.763016,0.646379,-0,-0.547142,0.645873,-0.532432,-0.344153,0.406254,0.846473,-7.74698,18.5323,-6.20049> }}
union{cone{<-8.11074,18.9617,-6.55447> ,0.131791,<-8.49609,19.3624,-6.72544> ,0.123227}
sphere{<-8.11074,18.9617,-6.55447> ,0.131791}
texture{txtTree matrix <0.720771,0.693173,-0,-0.662548,0.688926,-0.29396,-0.203765,0.211878,0.955818,-8.11074,18.9617,-6.55447> }}
union{cone{<-3.8587,14.9025,-4.22163> ,0.20886,<-3.71458,15.1499,-4.60915> ,0.200297}
sphere{<-3.8587,14.9025,-4.22163> ,0.20886}
texture{txtTree matrix <0.864115,-0.503295,0,0.299098,0.513526,-0.804258,0.404779,0.694971,0.59428,-3.8587,14.9025,-4.22163> }}
union{cone{<-3.71458,15.1499,-4.60915> ,0.200297,<-3.66009,15.5937,-5.11636> ,0.191733}
sphere{<-3.71458,15.1499,-4.60915> ,0.200297}
texture{txtTree matrix <0.992544,-0.121886,0,0.0805977,0.656323,-0.750163,0.0914346,0.74457,0.661253,-3.71458,15.1499,-4.60915> }}
union{cone{<-3.66009,15.5937,-5.11636> ,0.191733,<-3.60966,16.071,-5.5956> ,0.18317}
sphere{<-3.66009,15.5937,-5.11636> ,0.191733}
texture{txtTree matrix <0.994466,-0.105063,0,0.074346,0.703714,-0.706583,0.0742359,0.702672,0.70763,-3.66009,15.5937,-5.11636> }}
union{cone{<-3.60966,16.071,-5.5956> ,0.18317,<-3.45351,16.3174,-6.12572> ,0.174607}
sphere{<-3.60966,16.071,-5.5956> ,0.18317}
texture{txtTree matrix <0.84464,-0.535335,0,0.258079,0.407192,-0.876122,0.469019,0.740008,0.482089,-3.60966,16.071,-5.5956> }}
union{cone{<-3.45351,16.3174,-6.12572> ,0.174607,<-3.28104,16.493,-6.51435> ,0.166044}
sphere{<-3.45351,16.3174,-6.12572> ,0.174607}
texture{txtTree matrix <0.713452,-0.700704,0,0.374916,0.381736,-0.844817,0.591967,0.602736,0.535055,-3.45351,16.3174,-6.12572> }}
union{cone{<-3.28104,16.493,-6.51435> ,0.166044,<-3.23346,16.9199,-7.06848> ,0.15748}
sphere{<-3.28104,16.493,-6.51435> ,0.166044}
texture{txtTree matrix <0.993845,-0.110777,0,0.0678652,0.608861,-0.790369,0.0875544,0.785505,0.612631,-3.28104,16.493,-6.51435> }}
union{cone{<-3.23346,16.9199,-7.06848> ,0.15748,<-3.07691,17.0547,-7.57781> ,0.148917}
sphere{<-3.23346,16.9199,-7.06848> ,0.15748}
texture{txtTree matrix <0.652513,-0.757778,0,0.28482,0.245255,-0.926676,0.702214,0.604668,0.375862,-3.23346,16.9199,-7.06848> }}
union{cone{<-3.07691,17.0547,-7.57781> ,0.148917,<-3.1181,17.3839,-8.04483> ,0.140354}
sphere{<-3.07691,17.0547,-7.57781> ,0.148917}
texture{txtTree matrix <0.992265,0.124141,-0,-0.0718982,0.574684,-0.815211,-0.101201,0.808905,0.579164,-3.07691,17.0547,-7.57781> }}
union{cone{<-3.1181,17.3839,-8.04483> ,0.140354,<-3.09312,17.7055,-8.47322> ,0.131791}
sphere{<-3.1181,17.3839,-8.04483> ,0.140354}
texture{txtTree matrix <0.996997,-0.0774439,0,0.0465822,0.599689,-0.798876,0.0618681,0.796477,0.601495,-3.1181,17.3839,-8.04483> }}
union{cone{<-3.09312,17.7055,-8.47322> ,0.131791,<-3.07099,17.9347,-9.09517> ,0.123227}
sphere{<-3.09312,17.7055,-8.47322> ,0.131791}
texture{txtTree matrix <0.995372,-0.0960972,0,0.0333684,0.345628,-0.937778,0.0901179,0.933438,0.347235,-3.09312,17.7055,-8.47322> }}
union{cone{<-3.80894,14.847,-4.1366> ,0.20886,<-4.11852,15.1076,-4.58981> ,0.200297}
sphere{<-3.80894,14.847,-4.1366> ,0.20886}
texture{txtTree matrix <0.644021,0.765007,-0,-0.50953,0.428948,-0.745911,-0.570627,0.480383,0.666046,-3.80894,14.847,-4.1366> }}
union{cone{<-4.11852,15.1076,-4.58981> ,0.200297,<-4.4268,15.1444,-5.15802> ,0.191733}
sphere{<-4.11852,15.1076,-4.58981> ,0.200297}
texture{txtTree matrix <0.118555,0.992947,-0,-0.476105,0.0568455,-0.877549,-0.87136,0.104038,0.479486,-4.11852,15.1076,-4.58981> }}
union{cone{<-4.4268,15.1444,-5.15802> ,0.191733,<-4.76053,15.1321,-5.57312> ,0.18317}
sphere{<-4.4268,15.1444,-5.15802> ,0.191733}
texture{txtTree matrix <-0.0369595,0.999317,0,-0.626411,-0.0231677,-0.779148,-0.778616,-0.0287969,0.62684,-4.4268,15.1444,-5.15802> }}
union{cone{<-4.76053,15.1321,-5.57312> ,0.18317,<-5.19676,15.2834,-6.11125> ,0.174607}
sphere{<-4.76053,15.1321,-5.57312> ,0.18317}
texture{txtTree matrix <0.327642,0.944802,-0,-0.615228,0.213351,-0.758931,-0.717039,0.248657,0.651171,-4.76053,15.1321,-5.57312> }}
union{cone{<-5.19676,15.2834,-6.11125> ,0.174607,<-5.45152,15.3212,-6.53259> ,0.166044}
sphere{<-5.19676,15.2834,-6.11125> ,0.174607}
texture{txtTree matrix <0.146689,0.989183,-0,-0.515895,0.0765038,-0.853229,-0.843999,0.12516,0.521536,-5.19676,15.2834,-6.11125> }}
union{cone{<-5.45152,15.3212,-6.53259> ,0.166044,<-5.68486,15.4389,-6.95448> ,0.15748}
sphere{<-5.45152,15.3212,-6.53259> ,0.166044}
texture{txtTree matrix <0.450436,0.892809,-0,-0.470171,0.237209,-0.850101,-0.758977,0.382916,0.52662,-5.45152,15.3212,-6.53259> }}
union{cone{<-5.68486,15.4389,-6.95448> ,0.15748,<-5.9728,15.4213,-7.36411> ,0.148917}
sphere{<-5.68486,15.4389,-6.95448> ,0.15748}
texture{txtTree matrix <-0.0611055,0.998131,0,-0.574719,-0.0351843,-0.817594,-0.816066,-0.0499595,0.575795,-5.68486,15.4389,-6.95448> }}
union{cone{<-5.9728,15.4213,-7.36411> ,0.148917,<-6.32794,15.5266,-7.66711> ,0.140354}
sphere{<-5.9728,15.4213,-7.36411> ,0.148917}
texture{txtTree matrix <0.284284,0.95874,-0,-0.742091,0.220044,-0.633152,-0.607029,0.179995,0.774027,-5.9728,15.4213,-7.36411> }}
union{cone{<-6.32794,15.5266,-7.66711> ,0.140354,<-6.68899,15.565,-8.1978> ,0.131791}
sphere{<-6.32794,15.5266,-7.66711> ,0.140354}
texture{txtTree matrix <0.105754,0.994392,-0,-0.561496,0.0597155,-0.825322,-0.820694,0.0872814,0.564662,-6.32794,15.5266,-7.66711> }}
union{cone{<-6.68899,15.565,-8.1978> ,0.131791,<-6.9967,15.6303,-8.57104> ,0.123227}
sphere{<-6.68899,15.565,-8.1978> ,0.131791}
texture{txtTree matrix <0.20766,0.978201,-0,-0.630413,0.133829,-0.764636,-0.747968,0.158785,0.644462,-6.68899,15.565,-8.1978> }}
union{cone{<-0.100142,12.5705,0.322229> ,0.354,<0.0733996,13.1532,0.340269> ,0.340805}
sphere{<-0.100142,12.5705,0.322229> ,0.354}
texture{txtTree matrix <0.958393,-0.285451,0,0.285326,0.957972,0.0296602,-0.00846655,-0.0284261,0.99956,-0.100142,12.5705,0.322229> }}
union{cone{<0.0733996,13.1532,0.340269> ,0.340805,<0.406364,13.857,0.331346> ,0.327611}
sphere{<0.0733996,13.1532,0.340269> ,0.340805}
texture{txtTree matrix <0.903958,-0.427622,0,0.427594,0.903898,-0.0114594,0.00490028,0.0103588,0.999934,0.0733996,13.1532,0.340269> }}
union{cone{<0.406364,13.857,0.331346> ,0.327611,<0.593894,14.6142,0.265819> ,0.314416}
sphere{<0.406364,13.857,0.331346> ,0.327611}
texture{txtTree matrix <0.970673,-0.240403,0,0.239559,0.967267,-0.0837065,0.0201233,0.0812516,0.99649,0.406364,13.857,0.331346> }}
union{cone{<0.593894,14.6142,0.265819> ,0.314416,<0.783077,15.3444,-0.0637107> ,0.301222}
sphere{<0.593894,14.6142,0.265819> ,0.314416}
texture{txtTree matrix <0.968034,-0.250818,0,0.22984,0.88707,-0.40035,0.100415,0.387552,0.916362,0.593894,14.6142,0.265819> }}
union{cone{<0.783077,15.3444,-0.0637107> ,0.301222,<0.949563,16.2079,-0.419407> ,0.288027}
sphere{<0.783077,15.3444,-0.0637107> ,0.301222}
texture{txtTree matrix <0.981919,-0.189299,0,0.17549,0.91029,-0.374934,0.0709747,0.368155,0.927052,0.783077,15.3444,-0.0637107> }}
union{cone{<0.949563,16.2079,-0.419407> ,0.288027,<1.31067,17.0965,-0.463769> ,0.274833}
sphere{<0.949563,16.2079,-0.419407> ,0.288027}
texture{txtTree matrix <0.926414,-0.376507,0,0.376105,0.925424,-0.0462043,0.0173962,0.0428043,0.998932,0.949563,16.2079,-0.419407> }}
union{cone{<1.31067,17.0965,-0.463769> ,0.274833,<1.54506,17.66,-0.719568> ,0.261638}
sphere{<1.31067,17.0965,-0.463769> ,0.274833}
texture{txtTree matrix <0.923323,-0.384024,0,0.354178,0.851561,-0.386525,0.148435,0.356888,0.922279,1.31067,17.0965,-0.463769> }}
union{cone{<1.54506,17.66,-0.719568> ,0.261638,<1.63,18.2953,-0.700025> ,0.248444}
sphere{<1.54506,17.66,-0.719568> ,0.261638}
texture{txtTree matrix <0.991181,-0.132518,0,0.132456,0.99072,0.0304752,-0.00403851,-0.0302064,0.999536,1.54506,17.66,-0.719568> }}
union{cone{<1.63,18.2953,-0.700025> ,0.248444,<1.69398,19.1233,-1.005> ,0.235249}
sphere{<1.63,18.2953,-0.700025> ,0.248444}
texture{txtTree matrix <0.997028,-0.0770398,0,0.0723175,0.935913,-0.344727,0.0265577,0.343703,0.938703,1.63,18.2953,-0.700025> }}
union{cone{<1.69398,19.1233,-1.005> ,0.235249,<1.94419,19.8539,-0.972424> ,0.222055}
sphere{<1.69398,19.1233,-1.005> ,0.235249}
texture{txtTree matrix <0.946051,-0.324017,0,0.323729,0.945211,0.0421439,-0.0136553,-0.0398703,0.999112,1.69398,19.1233,-1.005> }}
union{cone{<1.94419,19.8539,-0.972424> ,0.222055,<2.31264,20.4902,-1.01571> ,0.20886}
sphere{<1.94419,19.8539,-0.972424> ,0.222055}
texture{txtTree matrix <0.865382,-0.501113,0,0.500247,0.863886,-0.0587643,0.0294476,0.0508536,0.998272,1.94419,19.8539,-0.972424> }}
union{cone{<2.31264,20.4902,-1.01571> ,0.20886,<2.45119,20.8041,-0.686004> ,0.200297}
sphere{<2.31264,20.4902,-1.01571> ,0.20886}
texture{txtTree matrix <0.914872,-0.403744,0,0.291135,0.659705,0.692842,-0.279731,-0.633862,0.721089,2.31264,20.4902,-1.01571> }}
union{cone{<2.45119,20.8041,-0.686004> ,0.200297,<2.61147,21.2787,-0.354108> ,0.191733}
sphere{<2.45119,20.8041,-0.686004> ,0.200297}
texture{txtTree matrix <0.947433,-0.319954,0,0.266729,0.789824,0.552299,-0.17671,-0.523266,0.833646,2.45119,20.8041,-0.686004> }}
union{cone{<2.61147,21.2787,-0.354108> ,0.191733,<2.75482,21.7215,-0.0553367> ,0.18317}
sphere{<2.61147,21.2787,-0.354108> ,0.191733}
texture{txtTree matrix <0.951382,-0.308014,0,0.259196,0.800595,0.540246,-0.166403,-0.51398,0.841507,2.61147,21.2787,-0.354108> }}
union{cone{<2.75482,21.7215,-0.0553367> ,0.18317,<3.03836,22.1771,0.335392> ,0.174607}
sphere{<2.75482,21.7215,-0.0553367> ,0.18317}
texture{txtTree matrix <0.849034,-0.528338,0,0.427128,0.68639,0.588583,-0.310971,-0.499727,0.808437,2.75482,21.7215,-0.0553367> }}
union{cone{<3.03836,22.1771,0.335392> ,0.174607,<3.26317,22.6627,0.587595> ,0.166044}
sphere{<3.03836,22.1771,0.335392> ,0.174607}
texture{txtTree matrix <0.90747,-0.420116,0,0.380022,0.820866,0.426336,-0.179111,-0.386887,0.904565,3.03836,22.1771,0.335392> }}
union{cone{<3.26317,22.6627,0.587595> ,0.166044,<3.4605,22.8875,0.938454> ,0.15748}
sphere{<3.26317,22.6627,0.587595> ,0.166044}
texture{txtTree matrix <0.751451,-0.659789,0,0.428015,0.487478,0.761031,-0.50212,-0.571878,0.648715,3.26317,22.6627,0.587595> }}
union{cone{<3.4605,22.8875,0.938454> ,0.15748,<3.62717,23.2476,1.25984> ,0.148917}
sphere{<3.4605,22.8875,0.938454> ,0.15748}
texture{txtTree matrix <0.907521,-0.420006,0,0.326388,0.705236,0.629375,-0.264341,-0.571171,0.777102,3.4605,22.8875,0.938454> }}
union{cone{<3.62717,23.2476,1.25984> ,0.148917,<3.79113,23.6823,1.50827> ,0.140354}
sphere{<3.62717,23.2476,1.25984> ,0.148917}
