union{
union{cone{<0,0,0> ,0.6,<-0.0473955,1.08523,0.17244> ,0.5795}
sphere{<0,0,0> ,0.6}
texture{txtTree matrix <0.999048,0.0436316,-0,-0.043092,0.986693,0.156783,0.00684069,-0.156634,0.987633,0,0,0> }}
union{cone{<-0.0473955,1.08523,0.17244> ,0.5795,<-0.207655,2.04792,-0.0233573> ,0.559}
sphere{<-0.0473955,1.08523,0.17244> ,0.5795}
texture{txtTree matrix <0.986425,0.164211,-0,-0.161003,0.967153,-0.196706,-0.0323013,0.194036,0.980463,-0.0473955,1.08523,0.17244> }}
union{cone{<-0.207655,2.04792,-0.0233573> ,0.559,<-0.0483663,2.99347,-0.124974> ,0.5385}
sphere{<-0.207655,2.04792,-0.0233573> ,0.559}
texture{txtTree matrix <0.986105,-0.16612,0,0.165195,0.980614,-0.105384,0.0175065,0.10392,0.994432,-0.207655,2.04792,-0.0233573> }}
union{cone{<-0.0483663,2.99347,-0.124974> ,0.5385,<0.230539,4.1956,-0.04502> ,0.518}
sphere{<-0.0483663,2.99347,-0.124974> ,0.5385}
texture{txtTree matrix <0.974126,-0.226006,0,0.225533,0.972088,0.0646534,-0.014612,-0.0629805,0.997908,-0.0483663,2.99347,-0.124974> }}
union{cone{<0.230539,4.1956,-0.04502> ,0.518,<0.208131,5.31742,-0.222737> ,0.4975}
sphere{<0.230539,4.1956,-0.04502> ,0.518}
texture{txtTree matrix <0.999801,0.0199701,-0,-0.0197243,0.987491,-0.156437,-0.00312406,0.156406,0.987688,0.230539,4.1956,-0.04502> }}
union{cone{<0.208131,5.31742,-0.222737> ,0.4975,<0.386799,6.17321,-0.370318> ,0.477}
sphere{<0.208131,5.31742,-0.222737> ,0.4975}
texture{txtTree matrix <0.978894,-0.204371,0,0.201519,0.965237,-0.166457,0.0340188,0.162943,0.986049,0.208131,5.31742,-0.222737> }}
union{cone{<0.386799,6.17321,-0.370318> ,0.477,<0.42049,7.29305,-0.489965> ,0.4565}
sphere{<0.386799,6.17321,-0.370318> ,0.477}
texture{txtTree matrix <0.999548,-0.0300716,0,0.0299016,0.993896,-0.10619,0.0031933,0.106142,0.994346,0.386799,6.17321,-0.370318> }}
union{cone{<0.42049,7.29305,-0.489965> ,0.4565,<0.414542,8.08198,-0.688937> ,0.436}
sphere{<0.42049,7.29305,-0.489965> ,0.4565}
texture{txtTree matrix <0.999972,0.00753899,-0,-0.0073101,0.969612,-0.24454,-0.00184358,0.244533,0.969639,0.42049,7.29305,-0.489965> }}
union{cone{<0.414542,8.08198,-0.688937> ,0.436,<0.197668,9.15466,-0.883908> ,0.4155}
sphere{<0.414542,8.08198,-0.688937> ,0.436}
texture{txtTree matrix <0.980168,0.19817,-0,-0.195098,0.964973,-0.175395,-0.034758,0.171916,0.984498,0.414542,8.08198,-0.688937> }}
union{cone{<0.197668,9.15466,-0.883908> ,0.4155,<0.223517,10.1738,-0.622101> ,0.395}
sphere{<0.197668,9.15466,-0.883908> ,0.4155}
texture{txtTree matrix <0.999678,-0.0253556,0,0.0245587,0.96826,0.248738,-0.00630689,-0.248658,0.968571,0.197668,9.15466,-0.883908> }}
union{cone{<0.223517,10.1738,-0.622101> ,0.395,<0.343266,11.1148,-0.753253> ,0.3745}
sphere{<0.223517,10.1738,-0.622101> ,0.395}
texture{txtTree matrix <0.992,-0.126239,0,0.12505,0.982652,-0.136958,0.0172894,0.135862,0.990577,0.223517,10.1738,-0.622101> }}
union{cone{<0.343266,11.1148,-0.753253> ,0.3745,<0.296262,12.368,-0.393343> ,0.354}
sphere{<0.343266,11.1148,-0.753253> ,0.3745}
texture{txtTree matrix <0.999297,0.0374812,-0,-0.0360269,0.960523,0.275859,0.0103395,-0.275665,0.961198,0.343266,11.1148,-0.753253> }}
union{cone{<0.296262,12.368,-0.393343> ,0.354,<0.0861129,12.7769,0.300013> ,0.340805}
sphere{<0.296262,12.368,-0.393343> ,0.354}
texture{txtTree matrix <0.889425,0.457082,-0,-0.252602,0.491532,0.83342,0.380941,-0.741264,0.55264,0.296262,12.368,-0.393343> }}
union{cone{<0.0861129,12.7769,0.300013> ,0.340805,<-0.0726978,13.3137,1.03462> ,0.327611}
sphere{<0.0861129,12.7769,0.300013> ,0.340805}
texture{txtTree matrix <0.958918,0.283683,-0,-0.171947,0.581222,0.795371,0.225633,-0.762696,0.606123,0.0861129,12.7769,0.300013> }}
union{cone{<-0.0726978,13.3137,1.03462> ,0.327611,<0.0273404,13.7784,1.50615> ,0.314416}
sphere{<-0.0726978,13.3137,1.03462> ,0.327611}
texture{txtTree matrix <0.9776,-0.21047,0,0.149418,0.694023,0.704277,-0.148229,-0.688501,0.709926,-0.0726978,13.3137,1.03462> }}
union{cone{<0.0273404,13.7784,1.50615> ,0.314416,<0.107648,14.4019,2.07948> ,0.301222}
sphere{<0.0273404,13.7784,1.50615> ,0.314416}
texture{txtTree matrix <0.991806,-0.127753,0,0.0943904,0.732796,0.67387,-0.0860891,-0.668348,0.73885,0.0273404,13.7784,1.50615> }}
union{cone{<0.107648,14.4019,2.07948> ,0.301222,<0.0139997,15.1215,2.73222> ,0.288027}
sphere{<0.107648,14.4019,2.07948> ,0.301222}
texture{txtTree matrix <0.991639,0.129044,-0,-0.0959438,0.737283,0.668736,0.0862961,-0.663145,0.7435,0.107648,14.4019,2.07948> }}
union{cone{<0.0139997,15.1215,2.73222> ,0.288027,<-0.0715482,15.7213,3.39375> ,0.274833}
sphere{<0.0139997,15.1215,2.73222> ,0.288027}
texture{txtTree matrix <0.989983,0.14119,-0,-0.0953627,0.668657,0.737431,0.104118,-0.730044,0.675423,0.0139997,15.1215,2.73222> }}
union{cone{<-0.0715482,15.7213,3.39375> ,0.274833,<0.0663523,16.1185,4.22852> ,0.261638}
sphere{<-0.0715482,15.7213,3.39375> ,0.274833}
texture{txtTree matrix <0.944677,-0.328002,0,0.14754,0.42493,0.893122,-0.292945,-0.843712,0.449815,-0.0715482,15.7213,3.39375> }}
union{cone{<0.0663523,16.1185,4.22852> ,0.261638,<0.171798,16.6631,4.79588> ,0.248444}
sphere{<0.0663523,16.1185,4.22852> ,0.261638}
texture{txtTree matrix <0.981764,-0.190102,0,0.132895,0.686326,0.715049,-0.135932,-0.70201,0.699074,0.0663523,16.1185,4.22852> }}
union{cone{<0.171798,16.6631,4.79588> ,0.248444,<0.0237932,17.0511,5.24514> ,0.235249}
sphere{<0.171798,16.6631,4.79588> ,0.248444}
texture{txtTree matrix <0.934354,0.356346,-0,-0.241902,0.634277,0.734286,0.26166,-0.686083,0.67884,0.171798,16.6631,4.79588> }}
union{cone{<0.0237932,17.0511,5.24514> ,0.235249,<-0.00963944,17.333,5.84609> ,0.222055}
sphere{<0.0237932,17.0511,5.24514> ,0.235249}
texture{txtTree matrix <0.993039,0.117783,-0,-0.0503039,0.424119,0.904208,0.1065,-0.897915,0.427092,0.0237932,17.0511,5.24514> }}
union{cone{<-0.00963944,17.333,5.84609> ,0.222055,<-0.0800873,17.963,6.467> ,0.20886}
sphere{<-0.00963944,17.333,5.84609> ,0.222055}
texture{txtTree matrix <0.993805,0.111137,-0,-0.0793939,0.709951,0.699762,0.0777697,-0.695427,0.714376,-0.00963944,17.333,5.84609> }}
union{cone{<-0.0800873,17.963,6.467> ,0.20886,<-0.0236296,18.1283,6.88116> ,0.200297}
sphere{<-0.0800873,17.963,6.467> ,0.20886}
texture{txtTree matrix <0.946314,-0.323248,0,0.125607,0.367717,0.921416,-0.297846,-0.871949,0.388578,-0.0800873,17.963,6.467> }}
union{cone{<-0.0236296,18.1283,6.88116> ,0.200297,<-0.122157,18.2061,7.35801> ,0.191733}
sphere{<-0.0236296,18.1283,6.88116> ,0.200297}
texture{txtTree matrix <0.620129,0.7845,-0,-0.199808,0.157944,0.967021,0.758628,-0.599678,0.254695,-0.0236296,18.1283,6.88116> }}
union{cone{<-0.122157,18.2061,7.35801> ,0.191733,<-0.0631457,18.2963,7.90394> ,0.18317}
sphere{<-0.122157,18.2061,7.35801> ,0.191733}
texture{txtTree matrix <0.836746,-0.547592,0,0.106046,0.162043,0.981069,-0.537225,-0.820905,0.193659,-0.122157,18.2061,7.35801> }}
union{cone{<-0.0631457,18.2963,7.90394> ,0.18317,<-0.193717,18.4678,8.5449> ,0.174607}
sphere{<-0.0631457,18.2963,7.90394> ,0.18317}
texture{txtTree matrix <0.795556,0.60588,-0,-0.193091,0.25354,0.947857,0.574288,-0.754073,0.318695,-0.0631457,18.2963,7.90394> }}
union{cone{<-0.193717,18.4678,8.5449> ,0.174607,<-0.283837,18.4187,9.18322> ,0.166044}
sphere{<-0.193717,18.4678,8.5449> ,0.174607}
texture{txtTree matrix <-0.478442,0.878119,0,-0.139394,-0.0759486,0.98732,0.866985,0.472376,0.158742,-0.193717,18.4678,8.5449> }}
union{cone{<-0.283837,18.4187,9.18322> ,0.166044,<-0.296818,18.5816,9.60678> ,0.15748}
sphere{<-0.283837,18.4187,9.18322> ,0.166044}
texture{txtTree matrix <0.996844,0.0793916,-0,-0.0285904,0.358982,0.932907,0.0740649,-0.929962,0.360118,-0.283837,18.4187,9.18322> }}
union{cone{<-0.296818,18.5816,9.60678> ,0.15748,<-0.177065,18.7665,10.3012> ,0.148917}
sphere{<-0.296818,18.5816,9.60678> ,0.15748}
texture{txtTree matrix <0.839281,-0.543698,0,0.164376,0.25374,0.953203,-0.518255,-0.800005,0.30233,-0.296818,18.5816,9.60678> }}
union{cone{<-0.177065,18.7665,10.3012> ,0.148917,<-0.0785457,18.774,10.7693> ,0.140354}
sphere{<-0.177065,18.7665,10.3012> ,0.148917}
texture{txtTree matrix <0.0763958,-0.997078,0,0.205932,0.0157785,0.978439,-0.97558,-0.0747486,0.206536,-0.177065,18.7665,10.3012> }}
union{cone{<-0.0785457,18.774,10.7693> ,0.140354,<0.0542939,18.759,11.4426> ,0.131791}
sphere{<-0.0785457,18.774,10.7693> ,0.140354}
texture{txtTree matrix <-0.112404,-0.993663,0,0.193514,-0.0218905,0.980853,-0.974637,0.110252,0.194748,-0.0785457,18.774,10.7693> }}
union{cone{<0.0542939,18.759,11.4426> ,0.131791,<0.0228843,18.9202,12.0995> ,0.123227}
sphere{<0.0542939,18.759,11.4426> ,0.131791}
texture{txtTree matrix <0.981536,0.191279,-0,-0.0463915,0.238055,0.970143,0.185568,-0.95223,0.242533,0.0542939,18.759,11.4426> }}
union{cone{<0.0728502,16.1521,4.26348> ,0.20886,<0.424244,16.607,4.41346> ,0.200297}
sphere{<0.0728502,16.1521,4.26348> ,0.20886}
texture{txtTree matrix <0.791408,-0.611288,0,0.591489,0.765776,0.252443,-0.154315,-0.199786,0.967612,0.0728502,16.1521,4.26348> }}
union{cone{<0.424244,16.607,4.41346> ,0.200297,<0.73737,17.1314,4.76887> ,0.191733}
sphere{<0.424244,16.607,4.41346> ,0.200297}
texture{txtTree matrix <0.858577,-0.512685,0,0.443118,0.742076,0.502961,-0.257861,-0.431831,0.864309,0.424244,16.607,4.41346> }}
union{cone{<0.73737,17.1314,4.76887> ,0.191733,<1.10927,17.5226,5.25481> ,0.18317}
sphere{<0.73737,17.1314,4.76887> ,0.191733}
texture{txtTree matrix <0.724748,-0.689014,0,0.512065,0.538622,0.669085,-0.461009,-0.484918,0.743186,0.73737,17.1314,4.76887> }}
union{cone{<1.10927,17.5226,5.25481> ,0.18317,<1.49813,17.872,5.40981> ,0.174607}
sphere{<1.10927,17.5226,5.25481> ,0.18317}
texture{txtTree matrix <0.668356,-0.743842,0,0.713155,0.640783,0.284267,-0.21145,-0.189992,0.958745,1.10927,17.5226,5.25481> }}
union{cone{<1.49813,17.872,5.40981> ,0.174607,<1.7567,18.2271,5.82051> ,0.166044}
sphere{<1.49813,17.872,5.40981> ,0.174607}
texture{txtTree matrix <0.808455,-0.588558,0,0.429949,0.590586,0.682899,-0.401926,-0.552093,0.730512,1.49813,17.872,5.40981> }}
union{cone{<1.7567,18.2271,5.82051> ,0.166044,<2.13831,18.4771,5.99356> ,0.15748}
sphere{<1.7567,18.2271,5.82051> ,0.166044}
texture{txtTree matrix <0.547964,-0.836502,0,0.782118,0.512338,0.354685,-0.296695,-0.194354,0.934986,1.7567,18.2271,5.82051> }}
union{cone{<2.13831,18.4771,5.99356> ,0.15748,<2.38462,18.7505,6.24336> ,0.148917}
sphere{<2.13831,18.4771,5.99356> ,0.15748}
texture{txtTree matrix <0.742867,-0.669439,0,0.553857,0.614608,0.561694,-0.37602,-0.417264,0.827345,2.13831,18.4771,5.99356> }}
union{cone{<2.38462,18.7505,6.24336> ,0.148917,<2.79952,19.0225,6.62991> ,0.140354}
sphere{<2.38462,18.7505,6.24336> ,0.148917}
texture{txtTree matrix <0.548318,-0.83627,0,0.65968,0.432533,0.614604,-0.513975,-0.336998,0.788836,2.38462,18.7505,6.24336> }}
union{cone{<2.79952,19.0225,6.62991> ,0.140354,<3.2495,19.2267,6.92714> ,0.131791}
sphere{<2.79952,19.0225,6.62991> ,0.140354}
texture{txtTree matrix <0.41318,-0.910649,0,0.780349,0.354061,0.515457,-0.469401,-0.212977,0.856915,2.79952,19.0225,6.62991> }}
union{cone{<3.2495,19.2267,6.92714> ,0.131791,<3.54253,19.5255,7.37236> ,0.123227}
sphere{<3.2495,19.2267,6.92714> ,0.131791}
texture{txtTree matrix <0.71408,-0.700065,0,0.479523,0.489123,0.728571,-0.510047,-0.520258,0.68497,3.2495,19.2267,6.92714> }}
union{cone{<-0.0763203,17.9293,6.4338> ,0.20886,<-0.534184,18.4803,6.53638> ,0.200297}
sphere{<-0.0763203,17.9293,6.4338> ,0.20886}
texture{txtTree matrix <0.769113,0.639113,-0,-0.63266,0.761347,0.141745,0.0905911,-0.109018,0.989903,-0.0763203,17.9293,6.4338> }}
union{cone{<-0.534184,18.4803,6.53638> ,0.200297,<-0.783281,18.8376,6.64509> ,0.191733}
sphere{<-0.534184,18.4803,6.53638> ,0.200297}
texture{txtTree matrix <0.820324,0.571899,-0,-0.554879,0.795909,0.242153,0.138487,-0.198643,0.970238,-0.534184,18.4803,6.53638> }}
union{cone{<-0.783281,18.8376,6.64509> ,0.191733,<-1.22131,19.2082,7.00428> ,0.18317}
sphere{<-0.783281,18.8376,6.64509> ,0.191733}
texture{txtTree matrix <0.645965,0.763367,-0,-0.647049,0.547536,0.530596,0.40504,-0.342747,0.847625,-0.783281,18.8376,6.64509> }}
union{cone{<-1.22131,19.2082,7.00428> ,0.18317,<-1.46115,19.7193,7.24355> ,0.174607}
sphere{<-1.22131,19.2082,7.00428> ,0.18317}
texture{txtTree matrix <0.905259,0.424861,-0,-0.391175,0.833483,0.390241,0.165798,-0.353269,0.920713,-1.22131,19.2082,7.00428> }}
union{cone{<-1.46115,19.7193,7.24355> ,0.174607,<-1.99361,20.1869,7.35875> ,0.166044}
sphere{<-1.46115,19.7193,7.24355> ,0.174607}
texture{txtTree matrix <0.659889,0.751363,-0,-0.741628,0.651338,0.160457,0.120561,-0.105883,0.987043,-1.46115,19.7193,7.24355> }}
union{cone{<-1.99361,20.1869,7.35875> ,0.166044,<-2.42076,20.4617,7.59555> ,0.15748}
sphere{<-1.99361,20.1869,7.35875> ,0.166044}
texture{txtTree matrix <0.541052,0.840989,-0,-0.762222,0.490376,0.422551,0.355361,-0.228622,0.906339,-1.99361,20.1869,7.35875> }}
union{cone{<-2.42076,20.4617,7.59555> ,0.15748,<-2.69258,20.8662,7.71795> ,0.148917}
sphere{<-2.42076,20.4617,7.59555> ,0.15748}
texture{txtTree matrix <0.829985,0.557785,-0,-0.540983,0.804983,0.243599,0.135876,-0.202183,0.969876,-2.42076,20.4617,7.59555> }}
union{cone{<-2.69258,20.8662,7.71795> ,0.148917,<-2.99249,21.3825,7.87998> ,0.140354}
sphere{<-2.69258,20.8662,7.71795> ,0.148917}
texture{txtTree matrix <0.864702,0.502285,-0,-0.484753,0.834519,0.261902,0.131549,-0.226467,0.965095,-2.69258,20.8662,7.71795> }}
union{cone{<-2.99249,21.3825,7.87998> ,0.140354,<-3.31142,21.8125,8.30603> ,0.131791}
sphere{<-2.99249,21.3825,7.87998> ,0.140354}
texture{txtTree matrix <0.803207,0.5957,-0,-0.466127,0.628499,0.622667,0.370923,-0.500131,0.782487,-2.99249,21.3825,7.87998> }}
union{cone{<-3.31142,21.8125,8.30603> ,0.131791,<-3.81189,22.1373,8.46138> ,0.123227}
sphere{<-3.31142,21.8125,8.30603> ,0.131791}
texture{txtTree matrix <0.544363,0.838849,-0,-0.811782,0.526798,0.251981,0.211374,-0.137169,0.967732,-3.31142,21.8125,8.30603> }}
union{cone{<0.297961,12.3227,-0.406348> ,0.354,<0.583038,12.9624,-0.334717> ,0.340805}
sphere{<0.297961,12.3227,-0.406348> ,0.354}
texture{txtTree matrix <0.913407,-0.407048,0,0.404935,0.908667,0.101747,-0.0414158,-0.0929362,0.99481,0.297961,12.3227,-0.406348> }}
union{cone{<0.583038,12.9624,-0.334717> ,0.340805,<0.787906,13.7678,-0.39211> ,0.327611}
sphere{<0.583038,12.9624,-0.334717> ,0.340805}
texture{txtTree matrix <0.969141,-0.246508,0,0.245922,0.966838,-0.068894,0.0169829,0.066768,0.997624,0.583038,12.9624,-0.334717> }}
union{cone{<0.787906,13.7678,-0.39211> ,0.327611,<1.2075,14.4686,-0.584493> ,0.314416}
sphere{<0.787906,13.7678,-0.39211> ,0.327611}
texture{txtTree matrix <0.857951,-0.513732,0,0.500047,0.835097,-0.229272,0.117784,0.196704,0.973362,0.787906,13.7678,-0.39211> }}
union{cone{<1.2075,14.4686,-0.584493> ,0.314416,<1.6641,15.1972,-0.667673> ,0.301222}
sphere{<1.2075,14.4686,-0.584493> ,0.314416}
texture{txtTree matrix <0.847353,-0.531031,0,0.528563,0.843415,-0.096289,0.0511324,0.0815908,0.995353,1.2075,14.4686,-0.584493> }}
union{cone{<1.6641,15.1972,-0.667673> ,0.301222,<1.80928,15.7907,-0.78493> ,0.288027}
sphere{<1.6641,15.1972,-0.667673> ,0.301222}
texture{txtTree matrix <0.971366,-0.237586,0,0.23333,0.953962,-0.188449,0.0447728,0.183053,0.982083,1.6641,15.1972,-0.667673> }}
union{cone{<1.80928,15.7907,-0.78493> ,0.288027,<2.12889,16.431,-1.03777> ,0.274833}
sphere{<1.80928,15.7907,-0.78493> ,0.288027}
texture{txtTree matrix <0.894729,-0.44661,0,0.4211,0.843623,-0.333129,0.148779,0.29806,0.942881,1.80928,15.7907,-0.78493> }}
union{cone{<2.12889,16.431,-1.03777> ,0.274833,<2.30528,17.1728,-1.15804> ,0.261638}
sphere{<2.12889,16.431,-1.03777> ,0.274833}
texture{txtTree matrix <0.972869,-0.231356,0,0.228529,0.960985,-0.15583,0.0360522,0.151602,0.987784,2.12889,16.431,-1.03777> }}
union{cone{<2.30528,17.1728,-1.15804> ,0.261638,<2.52258,17.8512,-1.32811> ,0.248444}
sphere{<2.30528,17.1728,-1.15804> ,0.261638}
texture{txtTree matrix <0.952345,-0.305023,0,0.296686,0.926316,-0.232198,0.0708255,0.221132,0.972669,2.30528,17.1728,-1.15804> }}
union{cone{<2.52258,17.8512,-1.32811> ,0.248444,<2.73836,18.6963,-1.30633> ,0.235249}
sphere{<2.52258,17.8512,-1.32811> ,0.248444}
texture{txtTree matrix <0.968916,-0.247389,0,0.247312,0.968614,0.024962,-0.00617534,-0.0241861,0.999688,2.52258,17.8512,-1.32811> }}
union{cone{<2.73836,18.6963,-1.30633> ,0.235249,<3.14304,19.5028,-1.11441> ,0.222055}
sphere{<2.73836,18.6963,-1.30633> ,0.235249}
texture{txtTree matrix <0.893783,-0.448501,0,0.438686,0.874224,0.208054,-0.0933121,-0.185955,0.978117,2.73836,18.6963,-1.30633> }}
union{cone{<3.14304,19.5028,-1.11441> ,0.222055,<3.35613,20.0485,-1.01578> ,0.20886}
sphere{<3.14304,19.5028,-1.11441> ,0.222055}
texture{txtTree matrix <0.931489,-0.363771,0,0.358722,0.918561,0.166026,-0.0603955,-0.154652,0.986121,3.14304,19.5028,-1.11441> }}
union{cone{<3.35613,20.0485,-1.01578> ,0.20886,<3.57602,20.3915,-0.779904> ,0.200297}
sphere{<3.35613,20.0485,-1.01578> ,0.20886}
texture{txtTree matrix <0.841882,-0.539661,0,0.467044,0.728598,0.501014,-0.270378,-0.421795,0.865439,3.35613,20.0485,-1.01578> }}
union{cone{<3.57602,20.3915,-0.779904> ,0.200297,<3.77597,20.7226,-0.534048> ,0.191733}
sphere{<3.57602,20.3915,-0.779904> ,0.200297}
texture{txtTree matrix <0.856049,-0.516895,0,0.436239,0.722473,0.536403,-0.277264,-0.459188,0.843962,3.57602,20.3915,-0.779904> }}
union{cone{<3.77597,20.7226,-0.534048> ,0.191733,<3.9566,21.0904,-0.353018> ,0.18317}
sphere{<3.77597,20.7226,-0.534048> ,0.191733}
texture{txtTree matrix <0.897573,-0.440865,0,0.403258,0.821007,0.404142,-0.178172,-0.362747,0.914696,3.77597,20.7226,-0.534048> }}
union{cone{<3.9566,21.0904,-0.353018> ,0.18317,<4.11486,21.6342,-0.0102342> ,0.174607}
sphere{<3.9566,21.0904,-0.353018> ,0.18317}
texture{txtTree matrix <0.960169,-0.279419,0,0.239048,0.821443,0.517771,-0.144675,-0.497148,0.855519,3.9566,21.0904,-0.353018> }}
union{cone{<4.11486,21.6342,-0.0102342> ,0.174607,<4.22295,21.9542,0.32145> ,0.166044}
sphere{<4.11486,21.6342,-0.0102342> ,0.174607}
texture{txtTree matrix <0.947415,-0.320009,0,0.228329,0.675989,0.700645,-0.224213,-0.663802,0.71351,4.11486,21.6342,-0.0102342> }}
union{cone{<4.22295,21.9542,0.32145> ,0.166044,<4.50633,22.3279,0.60252> ,0.15748}
sphere{<4.22295,21.9542,0.32145> ,0.166044}
texture{txtTree matrix <0.796761,-0.604294,0,0.518321,0.683406,0.5141,-0.310668,-0.409615,0.85773,4.22295,21.9542,0.32145> }}
union{cone{<4.50633,22.3279,0.60252> ,0.15748,<4.63169,22.747,0.813725> ,0.148917}
sphere{<4.50633,22.3279,0.60252> ,0.15748}
texture{txtTree matrix <0.958062,-0.286561,0,0.25806,0.862774,0.434772,-0.124588,-0.416538,0.900541,4.50633,22.3279,0.60252> }}
union{cone{<4.63169,22.747,0.813725> ,0.148917,<5.0075,23.2533,1.17353> ,0.140354}
sphere{<4.63169,22.747,0.813725> ,0.148917}
texture{txtTree matrix <0.80298,-0.596006,0,0.517658,0.697425,0.495609,-0.295386,-0.397964,0.868546,4.63169,22.747,0.813725> }}
union{cone{<5.0075,23.2533,1.17353> ,0.140354,<5.33107,23.7796,1.51837> ,0.131791}
sphere{<5.0075,23.2533,1.17353> ,0.140354}
texture{txtTree matrix <0.85189,-0.523721,0,0.457312,0.743868,0.487367,-0.255244,-0.415183,0.873197,5.0075,23.2533,1.17353> }}
union{cone{<5.33107,23.7796,1.51837> ,0.131791,<5.36713,24.1176,1.83462> ,0.123227}
sphere{<5.33107,23.7796,1.51837> ,0.131791}
texture{txtTree matrix <0.994356,-0.106097,0,0.0776739,0.727969,0.681196,-0.0722729,-0.677351,0.732101,5.33107,23.7796,1.51837> }}
union{cone{<2.52319,17.8536,-1.32805> ,0.20886,<2.94703,18.3088,-1.53242> ,0.200297}
sphere{<2.52319,17.8536,-1.32805> ,0.20886}
texture{txtTree matrix <0.731886,-0.681427,0,0.647379,0.695317,-0.312147,0.212706,0.228456,0.950034,2.52319,17.8536,-1.32805> }}
union{cone{<2.94703,18.3088,-1.53242> ,0.200297,<3.35932,18.5482,-1.67725> ,0.191733}
sphere{<2.94703,18.3088,-1.53242> ,0.200297}
texture{txtTree matrix <0.502106,-0.864806,0,0.827466,0.480426,-0.290673,0.251376,0.145949,0.956822,2.94703,18.3088,-1.53242> }}
union{cone{<3.35932,18.5482,-1.67725> ,0.191733,<3.82624,18.9253,-1.9831> ,0.18317}
sphere{<3.35932,18.5482,-1.67725> ,0.191733}
texture{txtTree matrix <0.628317,-0.777957,0,0.693143,0.559817,-0.454045,0.353228,0.285284,0.890979,3.35932,18.5482,-1.67725> }}
union{cone{<3.82624,18.9253,-1.9831> ,0.18317,<4.22739,19.4222,-2.33458> ,0.174607}
sphere{<3.82624,18.9253,-1.9831> ,0.18317}
texture{txtTree matrix <0.778064,-0.628185,0,0.550334,0.681638,-0.482185,0.302901,0.375171,0.87607,3.82624,18.9253,-1.9831> }}
union{cone{<4.22739,19.4222,-2.33458> ,0.174607,<4.72128,19.7749,-2.42787> ,0.166044}
sphere{<4.22739,19.4222,-2.33458> ,0.174607}
texture{txtTree matrix <0.581137,-0.813806,0,0.804357,0.57439,-0.15194,0.12365,0.0882981,0.98839,4.22739,19.4222,-2.33458> }}
union{cone{<4.72128,19.7749,-2.42787> ,0.166044,<5.08075,20.032,-2.54179> ,0.15748}
sphere{<4.72128,19.7749,-2.42787> ,0.166044}
texture{txtTree matrix <0.58183,-0.81331,0,0.78757,0.563416,-0.249592,0.202995,0.14522,0.968351,4.72128,19.7749,-2.42787> }}
union{cone{<5.08075,20.032,-2.54179> ,0.15748,<5.50732,20.464,-2.77474> ,0.148917}
sphere{<5.08075,20.032,-2.54179> ,0.15748}
texture{txtTree matrix <0.711549,-0.702637,0,0.656001,0.664322,-0.358245,0.251716,0.254909,0.933628,5.08075,20.032,-2.54179> }}
union{cone{<5.50732,20.464,-2.77474> ,0.148917,<6.04081,20.7306,-2.86663> ,0.140354}
sphere{<5.50732,20.464,-2.77474> ,0.148917}
texture{txtTree matrix <0.446998,-0.894535,0,0.884103,0.441786,-0.152274,0.136214,0.0680661,0.988338,5.50732,20.464,-2.77474> }}
union{cone{<6.04081,20.7306,-2.86663> ,0.140354,<6.36624,21.0668,-3.1414> ,0.131791}
sphere{<6.04081,20.7306,-2.86663> ,0.140354}
texture{txtTree matrix <0.718493,-0.695535,0,0.599762,0.619559,-0.506392,0.352213,0.363839,0.862304,6.04081,20.7306,-2.86663> }}
union{cone{<6.36624,21.0668,-3.1414> ,0.131791,<6.70984,21.4079,-3.21664> ,0.123227}
sphere{<6.36624,21.0668,-3.1414> ,0.131791}
texture{txtTree matrix <0.70453,-0.709674,0,0.701257,0.696174,-0.153559,0.108977,0.108187,0.988139,6.36624,21.0668,-3.1414> }}
union{cone{<2.43735,17.5851,-1.26141> ,0.20886,<2.36074,18.0164,-1.56556> ,0.200297}
sphere{<2.43735,17.5851,-1.26141> ,0.20886}
texture{txtTree matrix <0.984586,0.174901,-0,-0.143664,0.808744,-0.570345,-0.0997538,0.561554,0.821405,2.43735,17.5851,-1.26141> }}
union{cone{<2.36074,18.0164,-1.56556> ,0.200297,<2.22083,18.3473,-1.83993> ,0.191733}
sphere{<2.36074,18.0164,-1.56556> ,0.200297}
texture{txtTree matrix <0.921057,0.389428,-0,-0.309494,0.732002,-0.606948,-0.236362,0.559034,0.794742,2.36074,18.0164,-1.56556> }}
union{cone{<2.22083,18.3473,-1.83993> ,0.191733,<2.12779,18.8658,-2.27516> ,0.18317}
sphere{<2.22083,18.3473,-1.83993> ,0.191733}
texture{txtTree matrix <0.984283,0.176599,-0,-0.136146,0.758816,-0.636916,-0.112479,0.626906,0.770933,2.22083,18.3473,-1.83993> }}
union{cone{<2.12779,18.8658,-2.27516> ,0.18317,<1.99579,19.26,-2.49543> ,0.174607}
sphere{<2.12779,18.8658,-2.27516> ,0.18317}
texture{txtTree matrix <0.948246,0.317538,-0,-0.280585,0.837894,-0.468194,-0.148669,0.443962,0.883626,2.12779,18.8658,-2.27516> }}
union{cone{<1.99579,19.26,-2.49543> ,0.174607,<1.8615,19.7347,-2.76469> ,0.166044}
sphere{<1.99579,19.26,-2.49543> ,0.174607}
texture{txtTree matrix <0.962233,0.272226,-0,-0.238948,0.844608,-0.479104,-0.130424,0.461009,0.877758,1.99579,19.26,-2.49543> }}
union{cone{<1.8615,19.7347,-2.76469> ,0.166044,<1.65223,20.2875,-2.94675> ,0.15748}
sphere{<1.8615,19.7347,-2.76469> ,0.166044}
texture{txtTree matrix <0.935234,0.354031,-0,-0.338345,0.893799,-0.294358,-0.104212,0.275294,0.955695,1.8615,19.7347,-2.76469> }}
union{cone{<1.65223,20.2875,-2.94675> ,0.15748,<1.45633,20.7753,-3.28926> ,0.148917}
sphere{<1.65223,20.2875,-2.94675> ,0.15748}
texture{txtTree matrix <0.927964,0.372671,-0,-0.312242,0.777494,-0.545901,-0.203441,0.506576,0.83785,1.65223,20.2875,-2.94675> }}
union{cone{<1.45633,20.7753,-3.28926> ,0.148917,<1.27646,21.3925,-3.55587> ,0.140354}
sphere{<1.45633,20.7753,-3.28926> ,0.148917}
texture{txtTree matrix <0.96006,0.279795,-0,-0.25845,0.886816,-0.383095,-0.107188,0.367794,0.923709,1.45633,20.7753,-3.28926> }}
union{cone{<1.27646,21.3925,-3.55587> ,0.140354,<1.15641,21.7266,-3.93711> ,0.131791}
sphere{<1.27646,21.3925,-3.55587> ,0.140354}
texture{txtTree matrix <0.941074,0.338201,-0,-0.230465,0.641288,-0.731871,-0.24752,0.688745,0.681443,1.27646,21.3925,-3.55587> }}
union{cone{<1.15641,21.7266,-3.93711> ,0.131791,<1.1141,22.2626,-4.27986> ,0.123227}
sphere{<1.15641,21.7266,-3.93711> ,0.131791}
texture{txtTree matrix <0.9969,0.0786732,-0,-0.0663428,0.840658,-0.537488,-0.0422858,0.535822,0.843272,1.15641,21.7266,-3.93711> }}
union{cone{<0.339579,11.0858,-0.749215> ,0.354,<0.0563517,11.7389,-1.0643> ,0.340805}
sphere{<0.339579,11.0858,-0.749215> ,0.354}
texture{txtTree matrix <0.917431,0.397894,-0,-0.363843,0.838918,-0.404766,-0.161054,0.371345,0.91442,0.339579,11.0858,-0.749215> }}
union{cone{<0.0563517,11.7389,-1.0643> ,0.340805,<-0.279828,12.5549,-1.23741> ,0.327611}
sphere{<0.0563517,11.7389,-1.0643> ,0.340805}
texture{txtTree matrix <0.92462,0.38089,-0,-0.373769,0.907333,-0.192466,-0.0733084,0.177958,0.981304,0.0563517,11.7389,-1.0643> }}
union{cone{<-0.279828,12.5549,-1.23741> ,0.327611,<-0.419894,13.1907,-1.45826> ,0.314416}
sphere{<-0.279828,12.5549,-1.23741> ,0.327611}
texture{txtTree matrix <0.976582,0.215144,-0,-0.203741,0.924819,-0.321246,-0.0691142,0.313723,0.946996,-0.279828,12.5549,-1.23741> }}
union{cone{<-0.419894,13.1907,-1.45826> ,0.314416,<-0.632432,13.8124,-1.90639> ,0.301222}
sphere{<-0.419894,13.1907,-1.45826> ,0.314416}
texture{txtTree matrix <0.946222,0.323519,-0,-0.26726,0.781678,-0.563517,-0.182308,0.533213,0.826104,-0.419894,13.1907,-1.45826> }}
union{cone{<-0.632432,13.8124,-1.90639> ,0.301222,<-0.874465,14.4508,-2.09613> ,0.288027}
sphere{<-0.632432,13.8124,-1.90639> ,0.301222}
texture{txtTree matrix <0.935067,0.354471,-0,-0.34153,0.900929,-0.267738,-0.0949054,0.250353,0.963492,-0.632432,13.8124,-1.90639> }}
union{cone{<-0.874465,14.4508,-2.09613> ,0.288027,<-1.24673,15.0899,-2.25235> ,0.274833}
sphere{<-0.874465,14.4508,-2.09613> ,0.288027}
texture{txtTree matrix <0.864076,0.503362,-0,-0.492495,0.845421,-0.20667,-0.10403,0.178579,0.978411,-0.874465,14.4508,-2.09613> }}
union{cone{<-1.24673,15.0899,-2.25235> ,0.274833,<-1.46877,15.9534,-2.66904> ,0.261638}
sphere{<-1.24673,15.0899,-2.25235> ,0.274833}
texture{txtTree matrix <0.968495,0.249035,-0,-0.225612,0.877406,-0.423389,-0.105439,0.41005,0.905948,-1.24673,15.0899,-2.25235> }}
union{cone{<-1.46877,15.9534,-2.66904> ,0.261638,<-1.89274,16.7237,-2.83625> ,0.248444}
sphere{<-1.46877,15.9534,-2.66904> ,0.261638}
texture{txtTree matrix <0.876078,0.48217,-0,-0.473681,0.860654,-0.186817,-0.0900773,0.163666,0.982395,-1.46877,15.9534,-2.66904> }}
union{cone{<-1.89274,16.7237,-2.83625> ,0.248444,<-2.16159,17.2794,-3.2806> ,0.235249}
sphere{<-1.89274,16.7237,-2.83625> ,0.248444}
texture{txtTree matrix <0.90017,0.435539,-0,-0.353479,0.73057,-0.584226,-0.254453,0.525903,0.811591,-1.89274,16.7237,-2.83625> }}
union{cone{<-2.16159,17.2794,-3.2806> ,0.235249,<-2.71647,17.7521,-3.58949> ,0.222055}
sphere{<-2.16159,17.2794,-3.2806> ,0.235249}
texture{txtTree matrix <0.648542,0.761179,-0,-0.700857,0.597146,-0.39015,-0.296974,0.253028,0.920751,-2.16159,17.2794,-3.2806> }}
union{cone{<-2.71647,17.7521,-3.58949> ,0.222055,<-3.08813,18.128,-3.98982> ,0.20886}
sphere{<-2.71647,17.7521,-3.58949> ,0.222055}
texture{txtTree matrix <0.711085,0.703106,-0,-0.560509,0.566869,-0.603729,-0.424486,0.429303,0.797189,-2.71647,17.7521,-3.58949> }}
union{cone{<-3.08813,18.128,-3.98982> ,0.20886,<-3.55715,18.5175,-4.01532> ,0.200297}
sphere{<-3.08813,18.128,-3.98982> ,0.20886}
texture{txtTree matrix <0.638862,0.769321,-0,-0.768649,0.638304,-0.0417999,-0.0321575,0.0267044,0.999126,-3.08813,18.128,-3.98982> }}
union{cone{<-3.55715,18.5175,-4.01532> ,0.200297,<-4.10513,18.9207,-4.27308> ,0.191733}
sphere{<-3.55715,18.5175,-4.01532> ,0.200297}
texture{txtTree matrix <0.592643,0.805465,-0,-0.753218,0.554201,-0.354293,-0.28537,0.209969,0.935135,-3.55715,18.5175,-4.01532> }}
union{cone{<-4.10513,18.9207,-4.27308> ,0.191733,<-4.45811,19.4294,-4.44292> ,0.18317}
sphere{<-4.10513,18.9207,-4.27308> ,0.191733}
texture{txtTree matrix <0.821588,0.570082,-0,-0.549774,0.792321,-0.264529,-0.150803,0.217333,0.964378,-4.10513,18.9207,-4.27308> }}
union{cone{<-4.45811,19.4294,-4.44292> ,0.18317,<-4.8367,19.9864,-4.54091> ,0.174607}
sphere{<-4.45811,19.4294,-4.44292> ,0.18317}
texture{txtTree matrix <0.827033,0.562153,-0,-0.556294,0.818414,-0.143996,-0.0809478,0.11909,0.989578,-4.45811,19.4294,-4.44292> }}
union{cone{<-4.8367,19.9864,-4.54091> ,0.174607,<-5.15622,20.2658,-4.74782> ,0.166044}
sphere{<-4.8367,19.9864,-4.54091> ,0.174607}
texture{txtTree matrix <0.658357,0.752706,-0,-0.676614,0.591803,-0.438136,-0.329787,0.28845,0.898909,-4.8367,19.9864,-4.54091> }}
union{cone{<-5.15622,20.2658,-4.74782> ,0.166044,<-5.56228,20.5944,-4.73934> ,0.15748}
sphere{<-5.15622,20.2658,-4.74782> ,0.166044}
texture{txtTree matrix <0.629006,0.7774,-0,-0.777298,0.628923,0.016231,0.012618,-0.0102094,0.999868,-5.15622,20.2658,-4.74782> }}
union{cone{<-5.56228,20.5944,-4.73934> ,0.15748,<-5.97179,21.0712,-5.01249> ,0.148917}
sphere{<-5.56228,20.5944,-4.73934> ,0.15748}
texture{txtTree matrix <0.758617,0.651537,-0,-0.597548,0.695755,-0.398574,-0.259685,0.302365,0.917136,-5.56228,20.5944,-4.73934> }}
union{cone{<-5.97179,21.0712,-5.01249> ,0.148917,<-6.53576,21.3771,-5.09989> ,0.140354}
sphere{<-5.97179,21.0712,-5.01249> ,0.148917}
texture{txtTree matrix <0.476816,0.879003,-0,-0.870958,0.472452,-0.134985,-0.118652,0.0643629,0.990848,-5.97179,21.0712,-5.01249> }}
union{cone{<-6.53576,21.3771,-5.09989> ,0.140354,<-6.86088,21.6975,-5.10244> ,0.131791}
sphere{<-6.53576,21.3771,-5.09989> ,0.140354}
texture{txtTree matrix <0.701919,0.712256,-0,-0.712245,0.701908,-0.00557726,-0.00397244,0.00391478,0.999984,-6.53576,21.3771,-5.09989> }}
union{cone{<-6.86088,21.6975,-5.10244> ,0.131791,<-7.21893,22.0678,-5.12133> ,0.123227}
sphere{<-6.86088,21.6975,-5.10244> ,0.131791}
texture{txtTree matrix <0.718861,0.695154,-0,-0.694687,0.718378,-0.0366479,-0.0254759,0.0263447,0.999328,-6.86088,21.6975,-5.10244> }}
union{cone{<-2.79042,17.8269,-3.66914> ,0.20886,<-2.72329,18.2416,-4.05179> ,0.200297}
sphere{<-2.79042,17.8269,-3.66914> ,0.20886}
texture{txtTree matrix <0.987152,-0.159782,0,0.118128,0.729808,-0.673369,0.107592,0.664718,0.739306,-2.79042,17.8269,-3.66914> }}
union{cone{<-2.72329,18.2416,-4.05179> ,0.200297,<-2.76035,18.7391,-4.45209> ,0.191733}
sphere{<-2.72329,18.2416,-4.05179> ,0.200297}
texture{txtTree matrix <0.997236,0.0742973,-0,-0.0579471,0.77778,-0.62586,-0.0464997,0.62413,0.779936,-2.72329,18.2416,-4.05179> }}
union{cone{<-2.76035,18.7391,-4.45209> ,0.191733,<-2.81262,19.1261,-4.7447> ,0.18317}
sphere{<-2.76035,18.7391,-4.45209> ,0.191733}
texture{txtTree matrix <0.991001,0.133856,-0,-0.107119,0.793052,-0.599662,-0.0802684,0.594266,0.800253,-2.76035,18.7391,-4.45209> }}
union{cone{<-2.81262,19.1261,-4.7447> ,0.18317,<-2.69629,19.4146,-5.30995> ,0.174607}
sphere{<-2.81262,19.1261,-4.7447> ,0.18317}
texture{txtTree matrix <0.927437,-0.373979,0,0.180305,0.447141,-0.876103,0.327644,0.81253,0.482125,-2.81262,19.1261,-4.7447> }}
union{cone{<-2.69629,19.4146,-5.30995> ,0.174607,<-2.73529,19.8276,-5.81953> ,0.166044}
sphere{<-2.69629,19.4146,-5.30995> ,0.174607}
texture{txtTree matrix <0.995573,0.0939925,-0,-0.0593452,0.628587,-0.775472,-0.0728885,0.772038,0.631382,-2.69629,19.4146,-5.30995> }}
union{cone{<-2.73529,19.8276,-5.81953> ,0.166044,<-2.72665,20.385,-6.24671> ,0.15748}
sphere{<-2.73529,19.8276,-5.81953> ,0.166044}
texture{txtTree matrix <0.99988,-0.0154991,0,0.0123023,0.793645,-0.608257,0.00942745,0.608184,0.79374,-2.73529,19.8276,-5.81953> }}
union{cone{<-2.72665,20.385,-6.24671> ,0.15748,<-2.80368,20.6405,-6.64284> ,0.148917}
sphere{<-2.72665,20.385,-6.24671> ,0.15748}
texture{txtTree matrix <0.957435,0.28865,-0,-0.161278,0.53495,-0.829348,-0.239391,0.794047,0.558732,-2.72665,20.385,-6.24671> }}
union{cone{<-2.80368,20.6405,-6.64284> ,0.148917,<-2.7978,21.0249,-7.24722> ,0.140354}
sphere{<-2.80368,20.6405,-6.64284> ,0.148917}
texture{txtTree matrix <0.999883,-0.0153043,0,0.00821435,0.536671,-0.843752,0.012913,0.843653,0.536734,-2.80368,20.6405,-6.64284> }}
union{cone{<-2.7978,21.0249,-7.24722> ,0.140354,<-2.67722,21.5094,-7.69184> ,0.131791}
sphere{<-2.7978,21.0249,-7.24722> ,0.140354}
texture{txtTree matrix <0.970395,-0.241524,0,0.180361,0.724654,-0.665092,0.160635,0.645401,0.746762,-2.7978,21.0249,-7.24722> }}
union{cone{<-2.67722,21.5094,-7.69184> ,0.131791,<-2.55008,21.7402,-8.18386> ,0.123227}
sphere{<-2.67722,21.5094,-7.69184> ,0.131791}
texture{txtTree matrix <0.875949,-0.482404,0,0.227789,0.41362,-0.881494,0.425236,0.772143,0.472196,-2.67722,21.5094,-7.69184> }}
union{cone{<-1.53868,16.0804,-2.69661> ,0.20886,<-1.96827,16.2248,-2.84323> ,0.200297}
sphere{<-1.53868,16.0804,-2.69661> ,0.20886}
texture{txtTree matrix <0.318588,0.947893,-0,-0.901868,0.303119,-0.307819,-0.29178,0.0980675,0.951445,-1.53868,16.0804,-2.69661> }}
union{cone{<-1.96827,16.2248,-2.84323> ,0.200297,<-2.4207,16.3907,-3.14922> ,0.191733}
sphere{<-1.96827,16.2248,-2.84323> ,0.200297}
texture{txtTree matrix <0.344236,0.938883,-0,-0.792598,0.290601,-0.53604,-0.503279,0.184524,0.844193,-1.96827,16.2248,-2.84323> }}
union{cone{<-2.4207,16.3907,-3.14922> ,0.191733,<-2.80595,16.6982,-3.27506> ,0.18317}
sphere{<-2.4207,16.3907,-3.14922> ,0.191733}
texture{txtTree matrix <0.623846,0.781547,-0,-0.757259,0.604459,-0.247362,-0.193325,0.154316,0.968923,-2.4207,16.3907,-3.14922> }}
union{cone{<-2.80595,16.6982,-3.27506> ,0.18317,<-3.18584,16.8433,-3.58153> ,0.174607}
sphere{<-2.80595,16.6982,-3.27506> ,0.18317}
texture{txtTree matrix <0.35679,0.934185,-0,-0.746046,0.284934,-0.601854,-0.562243,0.214735,0.798606,-2.80595,16.6982,-3.27506> }}
union{cone{<-3.18584,16.8433,-3.58153> ,0.174607,<-3.53345,17.1212,-3.91491> ,0.166044}
sphere{<-3.18584,16.8433,-3.58153> ,0.174607}
texture{txtTree matrix <0.624501,0.781024,-0,-0.625106,0.49983,-0.59951,-0.468232,0.374394,0.800368,-3.18584,16.8433,-3.58153> }}
union{cone{<-3.53345,17.1212,-3.91491> ,0.166044,<-4.00803,17.4739,-4.31482> ,0.15748}
sphere{<-3.53345,17.1212,-3.91491> ,0.166044}
texture{txtTree matrix <0.596527,0.802593,-0,-0.664822,0.494128,-0.560222,-0.44963,0.334187,0.828343,-3.53345,17.1212,-3.91491> }}
union{cone{<-4.00803,17.4739,-4.31482> ,0.15748,<-4.48911,17.5792,-4.47513> ,0.148917}
sphere{<-4.00803,17.4739,-4.31482> ,0.15748}
texture{txtTree matrix <0.213801,0.976877,-0,-0.928904,0.203301,-0.309525,-0.302368,0.0661768,0.950891,-4.00803,17.4739,-4.31482> }}
union{cone{<-4.48911,17.5792,-4.47513> ,0.148917,<-5.1644,17.7477,-4.6822> ,0.140354}
sphere{<-4.48911,17.5792,-4.47513> ,0.148917}
texture{txtTree matrix <0.242075,0.970257,-0,-0.929969,0.232024,-0.285171,-0.276689,0.0690328,0.958477,-4.48911,17.5792,-4.47513> }}
union{cone{<-5.1644,17.7477,-4.6822> ,0.140354,<-5.79637,18.0554,-4.86142> ,0.131791}
sphere{<-5.1644,17.7477,-4.6822> ,0.140354}
texture{txtTree matrix <0.437722,0.89911,-0,-0.871236,0.424152,-0.24707,-0.222143,0.108148,0.968998,-5.1644,17.7477,-4.6822> }}
union{cone{<-5.79637,18.0554,-4.86142> ,0.131791,<-6.26361,18.2353,-5.13302> ,0.123227}
sphere{<-5.79637,18.0554,-4.86142> ,0.131791}
texture{txtTree matrix <0.359295,0.933224,-0,-0.820296,0.315817,-0.476836,-0.444995,0.171325,0.878992,-5.79637,18.0554,-4.86142> }}
union{cone{<0.296262,12.368,-0.393343> ,0.354,<0.38627,12.9055,-0.148683> ,0.340805}
sphere{<0.296262,12.368,-0.393343> ,0.354}
texture{txtTree matrix <0.986268,-0.165154,0,0.150668,0.899762,0.409546,-0.0676381,-0.403922,0.912289,0.296262,12.368,-0.393343> }}
union{cone{<0.38627,12.9055,-0.148683> ,0.340805,<0.550699,13.6071,0.142368> ,0.327611}
sphere{<0.38627,12.9055,-0.148683> ,0.340805}
texture{txtTree matrix <0.973619,-0.228182,0,0.211576,0.902763,0.374507,-0.0854556,-0.364627,0.927224,0.38627,12.9055,-0.148683> }}
union{cone{<0.550699,13.6071,0.142368> ,0.327611,<0.45707,14.2121,0.571246> ,0.314416}
sphere{<0.550699,13.6071,0.142368> ,0.327611}
texture{txtTree matrix <0.988235,0.152941,-0,-0.125261,0.809379,0.573772,0.0877534,-0.567022,0.819015,0.550699,13.6071,0.142368> }}
union{cone{<0.45707,14.2121,0.571246> ,0.314416,<0.417903,14.9443,0.917682> ,0.301222}
sphere{<0.45707,14.2121,0.571246> ,0.314416}
texture{txtTree matrix <0.998572,0.0534141,-0,-0.0482953,0.902877,0.427178,0.0228174,-0.426568,0.904167,0.45707,14.2121,0.571246> }}
union{cone{<0.417903,14.9443,0.917682> ,0.301222,<0.534137,15.6259,1.38086> ,0.288027}
sphere{<0.417903,14.9443,0.917682> ,0.301222}
texture{txtTree matrix <0.985769,-0.168105,0,0.139665,0.818996,0.556542,-0.0935575,-0.548622,0.830819,0.417903,14.9443,0.917682> }}
union{cone{<0.534137,15.6259,1.38086> ,0.288027,<0.384563,16.2355,1.50794> ,0.274833}
sphere{<0.534137,15.6259,1.38086> ,0.288027}
texture{txtTree matrix <0.97119,0.238305,-0,-0.233565,0.951876,0.198444,0.0472902,-0.192727,0.980112,0.534137,15.6259,1.38086> }}
union{cone{<0.384563,16.2355,1.50794> ,0.274833,<0.550388,16.9084,1.73764> ,0.261638}
sphere{<0.384563,16.2355,1.50794> ,0.274833}
texture{txtTree matrix <0.970958,-0.239249,0,0.227102,0.921663,0.314582,-0.0752634,-0.305446,0.94923,0.384563,16.2355,1.50794> }}
union{cone{<0.550388,16.9084,1.73764> ,0.261638,<0.705221,17.4759,2.05602> ,0.248444}
sphere{<0.550388,16.9084,1.73764> ,0.261638}
texture{txtTree matrix <0.964734,-0.263225,0,0.231492,0.84843,0.476002,-0.125296,-0.459215,0.879444,0.550388,16.9084,1.73764> }}
union{cone{<0.705221,17.4759,2.05602> ,0.248444,<0.903385,18.1982,2.41946> ,0.235249}
sphere{<0.705221,17.4759,2.05602> ,0.248444}
texture{txtTree matrix <0.964365,-0.264574,0,0.23803,0.867613,0.436567,-0.115504,-0.42101,0.899672,0.705221,17.4759,2.05602> }}
union{cone{<0.903385,18.1982,2.41946> ,0.235249,<0.961091,18.9097,2.53183> ,0.222055}
sphere{<0.903385,18.1982,2.41946> ,0.235249}
texture{txtTree matrix <0.996727,-0.0808376,0,0.0798543,0.984604,0.155496,-0.0125699,-0.154987,0.987837,0.903385,18.1982,2.41946> }}
union{cone{<0.961091,18.9097,2.53183> ,0.222055,<0.880183,19.5529,3.1147> ,0.20886}
sphere{<0.961091,18.9097,2.53183> ,0.222055}
texture{txtTree matrix <0.99218,0.124818,-0,-0.0928136,0.737776,0.668634,0.0834576,-0.663405,0.743591,0.961091,18.9097,2.53183> }}
union{cone{<0.880183,19.5529,3.1147> ,0.20886,<0.75459,19.6873,3.69172> ,0.200297}
sphere{<0.880183,19.5529,3.1147> ,0.20886}
texture{txtTree matrix <0.730699,0.682699,-0,-0.207375,0.221955,0.95275,0.650442,-0.696174,0.303757,0.880183,19.5529,3.1147> }}
union{cone{<0.75459,19.6873,3.69172> ,0.200297,<0.76151,19.9671,4.09754> ,0.191733}
sphere{<0.75459,19.6873,3.69172> ,0.200297}
texture{txtTree matrix <0.999694,-0.0247199,0,0.0140361,0.567634,0.823161,-0.0203484,-0.82291,0.567808,0.75459,19.6873,3.69172> }}
union{cone{<0.76151,19.9671,4.09754> ,0.191733,<0.593202,20.2449,4.7245> ,0.18317}
sphere{<0.76151,19.9671,4.09754> ,0.191733}
texture{txtTree matrix <0.855246,0.518223,-0,-0.238365,0.393385,0.887936,0.460149,-0.759404,0.459967,0.76151,19.9671,4.09754> }}
union{cone{<0.593202,20.2449,4.7245> ,0.18317,<0.708975,20.4467,5.38979> ,0.174607}
sphere{<0.593202,20.2449,4.7245> ,0.18317}
texture{txtTree matrix <0.86739,-0.497629,0,0.164265,0.286321,0.943948,-0.469736,-0.818771,0.330095,0.593202,20.2449,4.7245> }}
union{cone{<0.708975,20.4467,5.38979> ,0.174607,<0.633709,20.7145,5.93202> ,0.166044}
sphere{<0.708975,20.4467,5.38979> ,0.174607}
texture{txtTree matrix <0.962705,0.270554,-0,-0.123502,0.439454,0.889735,0.240722,-0.856552,0.456478,0.708975,20.4467,5.38979> }}
union{cone{<0.633709,20.7145,5.93202> ,0.166044,<0.576612,20.8786,6.37308> ,0.15748}
sphere{<0.633709,20.7145,5.93202> ,0.166044}
texture{txtTree matrix <0.944431,0.328709,-0,-0.120451,0.346074,0.930443,0.305845,-0.878739,0.366437,0.633709,20.7145,5.93202> }}
union{cone{<0.576612,20.8786,6.37308> ,0.15748,<0.569843,20.9461,6.87843> ,0.148917}
sphere{<0.576612,20.8786,6.37308> ,0.15748}
texture{txtTree matrix <0.995006,0.0998159,-0,-0.0132758,0.132338,0.991116,0.0989291,-0.986166,0.133002,0.576612,20.8786,6.37308> }}
